0,0,0,0,0,0,0,0,0,4095,4095,4095,4095,4095,4095,4095,4095,0,0,0,0,0,0,0,0,0,0,0,0,4095,4095,4095,4095,4095,4095,4095,4095,0,0,0,0,0,0,0,0,0,0,0,0,7,4095,4095,4095,4095,4095,4095,4095,4095,0,0,0,0,0,0,0,0,0,0,0,0,4095,4095,4095,4095,4095,4095,4095,0,0,0,0,0,0,0,0,0,0,0,0,0,4095,4095,4095,4095,4095,4095,4095,4095,0,0,
0,0,0,0,0,0,0,0,0,0,1154,4095,4095,4095,4095,4095,4095,4095,4095,0,0,0,0,0,0,0,0,0,0,0,0,4095,4095,4095,4095,4095,4095,4095,4095,0,0,0,0,0,0,0,0,0,0,0,0,0,4095,4095,4095,4095,4095,4095,4095,4095,0,0,0,0,0,0,0,0,0,0,0,0,4095,4095,4095,4095,4095,4095,4095,4095,0,0,0,0,0,0,0,0,0,0,0,0,255,4095,4095,4095,4095,4095,4095,4095,
3584,0,0,0,0,0,0,0,0,0,0,0,0,4095,4095,4095,4095,4095,4095,4095,4095,0,0,0,0,0,0,0,0,0,0,0,0,15,4095,4095,4095,4095,4095,4095,4095,4095,0,0,0,0,0,0,0,0,0,0,0,0,4095,4095,4095,4095,4095,4095,4095,4095,0,0,0,0,0,0,0,0,0,0,0,0,0,4095,4095,4095,4095,4095,4095,4095,0,0,0,0,0,0,0,0,0,0,0,0,1,4095,4095,4095,4095,4095,
4095,4095,4095,0,0,0,0,0,0,0,0,0,0,0,0,4095,4095,4095,4095,4095,4095,4095,4095,0,0,0,0,0,0,0,0,0,0,0,0,0,4095,4095,4095,4095,4095,4095,4095,4095,0,0,0,0,0,0,0,0,0,0,0,0,4095,4095,4095,4095,4095,4095,4095,4095,0,0,0,0,0,0,0,0,0,0,0,0,0,4095,4095,4095,4095,4095,4095,4095,0,0,0,0,0,0,0,0,0,0,0,0,1,4095,4095,4095,
4095,4095,4095,4095,4095,0,0,0,0,0,0,0,0,0,0,0,0,4095,4095,4095,4095,4095,4095,4095,4095,0,0,0,0,0,0,0,0,0,0,0,0,0,4095,4095,4095,4095,4095,4095,4095,4095,0,0,0,0,0,0,0,0,0,0,0,0,4095,4095,4095,4095,4095,4095,4095,4095,0,0,0,0,0,0,0,0,0,0,0,0,0,4095,4095,4095,4095,4095,4095,4095,0,0,0,0,0,0,0,0,0,0,0,0,255,4095,
4095,4095,4095,4095,4095,4095,4095,0,0,0,0,0,0,0,0,0,0,0,0,4095,4095,4095,4095,4095,4095,4095,4095,0,0,0,0,0,0,0,0,0,0,0,0,0,4095,4095,4095,4095,4095,4095,4095,4095,0,0,0,0,0,0,0,0,0,0,0,0,4095,4095,4095,4095,4095,4095,4095,4095,0,0,0,0,0,0,0,0,0,0,0,0,0,4095,4095,4095,4095,4095,4095,4095,0,0,0,0,0,0,0,0,0,0,0,0,
0,4095,4095,4095,4095,4095,4095,4095,4095,0,0,0,0,0,0,0,0,0,0,0,0,4095,4095,4095,4095,4095,4095,4095,4095,0,0,0,0,0,0,0,0,0,0,0,0,0,4095,4095,4095,4095,4095,4095,4095,4095,0,0,0,0,0,0,0,0,0,0,0,0,4095,4095,4095,4095,4095,4095,4095,4095,0,0,0,0,0,0,0,0,0,0,0,0,0,4095,4095,4095,4095,4095,4095,4095,0,0,0,0,0,0,0,0,0,0,
0,0,511,4095,4095,4095,4095,4095,4095,4095,0,0,0,0,0,0,0,0,0,0,0,0,0,4095,4095,4095,4095,4095,4095,4095,4095,0,0,0,0,0,0,0,0,0,0,0,0,4095,4095,4095,4095,4095,4095,4095,4095,0,0,0,0,0,0,0,0,0,0,0,0,0,4095,4095,4095,4095,4095,4095,4095,4088,0,0,0,0,0,0,0,0,0,0,0,0,4095,4095,4095,4095,4095,4095,4095,0,0,0,0,0,0,0,0,0,
0,0,0,0,4095,4095,4095,4095,4095,4095,4095,4095,0,0,0,0,0,0,0,0,0,0,0,0,4095,4095,4095,4095,4095,4095,4095,4095,0,0,0,0,0,0,0,0,0,0,0,0,0,4095,4095,4095,4095,4095,4095,4095,4095,0,0,0,0,0,0,0,0,0,0,0,0,4095,4095,4095,4095,4095,4095,4095,4095,3471,0,0,0,0,0,0,0,0,0,0,0,0,4095,4095,4095,4095,4095,4095,4095,0,0,0,0,0,0,0,
0,0,0,0,0,0,4095,4095,4095,4095,4095,4095,4095,4095,0,0,0,0,0,0,0,0,0,0,0,0,255,4095,4095,4095,4095,4095,4095,4095,3435,0,0,0,0,0,0,0,0,0,0,0,0,4095,4095,4095,4095,4095,4095,4095,4095,0,0,0,0,0,0,0,0,0,0,0,0,0,4095,4095,4095,4095,4095,4095,4095,4095,0,0,0,0,0,0,0,0,0,0,0,0,4095,4095,4095,4095,4095,4095,4095,0,0,0,0,0,
0,0,0,0,0,0,0,0,4095,4095,4095,4095,4095,4095,4095,4095,0,0,0,0,0,0,0,0,0,0,0,0,4095,4095,4095,4095,4095,4095,4095,4095,0,0,0,0,0,0,0,0,0,0,0,0,0,4095,4095,4095,4095,4095,4095,4095,4095,0,0,0,0,0,0,0,0,0,0,0,0,4095,4095,4095,4095,4095,4095,4095,4095,0,0,0,0,0,0,0,0,0,0,0,0,0,4095,4095,4095,4095,4095,4095,4095,0,0,0,
0,0,0,0,0,0,0,0,0,4095,4095,4095,4095,4095,4095,4095,4095,3439,0,0,0,0,0,0,0,0,0,0,0,0,4095,4095,4095,4095,4095,4095,4095,4095,0,0,0,0,0,0,0,0,0,0,0,0,31,4095,4095,4095,4095,4095,4095,4095,3411,0,0,0,0,0,0,0,0,0,0,0,0,4095,4095,4095,4095,4095,4095,4095,4095,0,0,0,0,0,0,0,0,0,0,0,0,4095,4095,4095,4095,4095,4095,4095,0,0,
0,0,0,0,0,0,0,0,0,0,4095,4095,4095,4095,4095,4095,4095,4095,0,0,0,0,0,0,0,0,0,0,0,0,0,4095,4095,4095,4095,4095,4095,4095,4095,0,0,0,0,0,0,0,0,0,0,0,0,4095,4095,4095,4095,4095,4095,4095,4095,0,0,0,0,0,0,0,0,0,0,0,0,4095,4095,4095,4095,4095,4095,4095,4095,0,0,0,0,0,0,0,0,0,0,0,0,0,4095,4095,4095,4095,4095,4095,4095,0,
0,0,0,0,0,0,0,0,0,0,0,4095,4095,4095,4095,4095,4095,4095,4095,3455,0,0,0,0,0,0,0,0,0,0,0,0,4095,4095,4095,4095,4095,4095,4095,4095,0,0,0,0,0,0,0,0,0,0,0,0,255,4095,4095,4095,4095,4095,4095,4095,4080,0,0,0,0,0,0,0,0,0,0,0,0,4095,4095,4095,4095,4095,4095,4095,4095,0,0,0,0,0,0,0,0,0,0,0,0,4095,4095,4095,4095,4095,4095,4095,
3435,0,0,0,0,0,0,0,0,0,0,0,0,4095,4095,4095,4095,4095,4095,4095,4095,0,0,0,0,0,0,0,0,0,0,0,0,4095,4095,4095,4095,4095,4095,4095,4095,0,0,0,0,0,0,0,0,0,0,0,0,0,4095,4095,4095,4095,4095,4095,4095,4095,0,0,0,0,0,0,0,0,0,0,0,0,4095,4095,4095,4095,4095,4095,4095,4095,0,0,0,0,0,0,0,0,0,0,0,0,0,4095,4095,4095,4095,4095,
4095,4095,0,0,0,0,0,0,0,0,0,0,0,0,0,4095,4095,4095,4095,4095,4095,4095,4095,0,0,0,0,0,0,0,0,0,0,0,0,4095,4095,4095,4095,4095,4095,4095,4095,0,0,0,0,0,0,0,0,0,0,0,0,0,4095,4095,4095,4095,4095,4095,4095,4095,0,0,0,0,0,0,0,0,0,0,0,0,1201,4095,4095,4095,4095,4095,4095,4095,0,0,0,0,0,0,0,0,0,0,0,0,0,4095,4095,4095,
4095,4095,4095,4095,0,0,0,0,0,0,0,0,0,0,0,0,0,4095,4095,4095,4095,4095,4095,4095,4095,0,0,0,0,0,0,0,0,0,0,0,0,4095,4095,4095,4095,4095,4095,4095,4095,0,0,0,0,0,0,0,0,0,0,0,0,0,4095,4095,4095,4095,4095,4095,4095,4095,0,0,0,0,0,0,0,0,0,0,0,0,4095,4095,4095,4095,4095,4095,4095,4095,0,0,0,0,0,0,0,0,0,0,0,0,0,4095,
4095,4095,4095,4095,4095,4095,0,0,0,0,0,0,0,0,0,0,0,0,0,4095,4095,4095,4095,4095,4095,4095,4095,0,0,0,0,0,0,0,0,0,0,0,0,31,4095,4095,4095,4095,4095,4095,4095,4095,0,0,0,0,0,0,0,0,0,0,0,0,4095,4095,4095,4095,4095,4095,4095,4095,0,0,0,0,0,0,0,0,0,0,0,0,0,4095,4095,4095,4095,4095,4095,4095,4095,0,0,0,0,0,0,0,0,0,0,0,
0,4095,4095,4095,4095,4095,4095,4095,4095,0,0,0,0,0,0,0,0,0,0,0,0,511,4095,4095,4095,4095,4095,4095,4095,4088,0,0,0,0,0,0,0,0,0,0,0,0,4095,4095,4095,4095,4095,4095,4095,4095,0,0,0,0,0,0,0,0,0,0,0,0,0,4095,4095,4095,4095,4095,4095,4095,4095,0,0,0,0,0,0,0,0,0,0,0,0,4095,4095,4095,4095,4095,4095,4095,4095,0,0,0,0,0,0,0,0,0,
0,0,0,0,4095,4095,4095,4095,4095,4095,4095,0,0,0,0,0,0,0,0,0,0,0,0,0,4095,4095,4095,4095,4095,4095,4095,4095,0,0,0,0,0,0,0,0,0,0,0,0,31,4095,4095,4095,4095,4095,4095,4095,4092,0,0,0,0,0,0,0,0,0,0,0,0,4095,4095,4095,4095,4095,4095,4095,4095,0,0,0,0,0,0,0,0,0,0,0,0,0,4095,4095,4095,4095,4095,4095,4095,4095,0,0,0,0,0,0,
0,0,0,0,0,0,4095,4095,4095,4095,4095,4095,4095,0,0,0,0,0,0,0,0,0,0,0,0,0,4095,4095,4095,4095,4095,4095,4095,4095,0,0,0,0,0,0,0,0,0,0,0,0,4095,4095,4095,4095,4095,4095,4095,4095,0,0,0,0,0,0,0,0,0,0,0,0,0,4095,4095,4095,4095,4095,4095,4095,4095,0,0,0,0,0,0,0,0,0,0,0,0,1162,4095,4095,4095,4095,4095,4095,4095,0,0,0,0,0,
0,0,0,0,0,0,0,0,4095,4095,4095,4095,4095,4095,4095,0,0,0,0,0,0,0,0,0,0,0,0,511,4095,4095,4095,4095,4095,4095,4095,4088,0,0,0,0,0,0,0,0,0,0,0,0,4095,4095,4095,4095,4095,4095,4095,4095,0,0,0,0,0,0,0,0,0,0,0,0,1202,4095,4095,4095,4095,4095,4095,4095,4088,0,0,0,0,0,0,0,0,0,0,0,0,4095,4095,4095,4095,4095,4095,4095,4095,0,0,0,
0,0,0,0,0,0,0,0,0,0,4095,4095,4095,4095,4095,4095,4095,0,0,0,0,0,0,0,0,0,0,0,0,0,4095,4095,4095,4095,4095,4095,4095,4095,0,0,0,0,0,0,0,0,0,0,0,0,4095,4095,4095,4095,4095,4095,4095,4095,3584,0,0,0,0,0,0,0,0,0,0,0,0,4095,4095,4095,4095,4095,4095,4095,4095,0,0,0,0,0,0,0,0,0,0,0,0,7,4095,4095,4095,4095,4095,4095,4095,4095,
0,0,0,0,0,0,0,0,0,0,0,0,4095,4095,4095,4095,4095,4095,4095,0,0,0,0,0,0,0,0,0,0,0,0,0,4095,4095,4095,4095,4095,4095,4095,4032,0,0,0,0,0,0,0,0,0,0,0,0,4095,4095,4095,4095,4095,4095,4095,4088,0,0,0,0,0,0,0,0,0,0,0,0,4095,4095,4095,4095,4095,4095,4095,4095,0,0,0,0,0,0,0,0,0,0,0,0,4095,4095,4095,4095,4095,4095,4095,4095,
0,0,0,0,0,0,0,0,0,0,0,0,4095,4095,4095,4095,4095,4095,4095,0,0,0,0,0,0,0,0,0,0,0,0,4095,4095,4095,4095,4095,4095,4095,0,0,0,0,0,0,0,0,0,0,0,0,0,4095,4095,4095,4095,4095,4095,4095,4094,0,0,0,0,0,0,0,0,0,0,0,0,4095,4095,4095,4095,4095,4095,4095,4095,0,0,0,0,0,0,0,0,0,0,0,0,63,4095,4095,4095,4095,4095,4095,4095,0,
0,0,0,0,0,0,0,0,0,0,0,0,4095,4095,4095,4095,4095,4095,4095,0,0,0,0,0,0,0,0,0,0,0,0,4095,4095,4095,4095,4095,4095,4095,4095,0,0,0,0,0,0,0,0,0,0,0,0,0,4095,4095,4095,4095,4095,4095,4095,4088,0,0,0,0,0,0,0,0,0,0,0,0,4095,4095,4095,4095,4095,4095,4095,4095,0,0,0,0,0,0,0,0,0,0,0,0,4095,4095,4095,4095,4095,4095,4095,4095,
0,0,0,0,0,0,0,0,0,0,0,0,0,4095,4095,4095,4095,4095,4095,4095,0,0,0,0,0,0,0,0,0,0,0,0,4095,4095,4095,4095,4095,4095,4095,4095,0,0,0,0,0,0,0,0,0,0,0,0,0,4095,4095,4095,4095,4095,4095,4095,4095,0,0,0,0,0,0,0,0,0,0,0,0,1023,4095,4095,4095,4095,4095,4095,4095,4064,0,0,0,0,0,0,0,0,0,0,0,0,4095,4095,4095,4095,4095,4095,
4095,4095,0,0,0,0,0,0,0,0,0,0,0,0,4095,4095,4095,4095,4095,4095,4095,3437,0,0,0,0,0,0,0,0,0,0,0,0,4095,4095,4095,4095,4095,4095,4095,4095,0,0,0,0,0,0,0,0,0,0,0,0,4095,4095,4095,4095,4095,4095,4095,4095,0,0,0,0,0,0,0,0,0,0,0,0,4095,4095,4095,4095,4095,4095,4095,4095,0,0,0,0,0,0,0,0,0,0,0,0,4095,4095,4095,4095,4095,4095,
4095,4095,3481,0,0,0,0,0,0,0,0,0,0,0,0,4095,4095,4095,4095,4095,4095,4095,0,0,0,0,0,0,0,0,0,0,0,0,0,4095,4095,4095,4095,4095,4095,4095,4095,0,0,0,0,0,0,0,0,0,0,0,0,4095,4095,4095,4095,4095,4095,4095,4095,0,0,0,0,0,0,0,0,0,0,0,0,15,4095,4095,4095,4095,4095,4095,4095,3968,0,0,0,0,0,0,0,0,0,0,0,0,4095,4095,4095,4095,
4095,4095,4095,4095,0,0,0,0,0,0,0,0,0,0,0,0,4095,4095,4095,4095,4095,4095,4095,4095,0,0,0,0,0,0,0,0,0,0,0,0,4095,4095,4095,4095,4095,4095,4095,4095,0,0,0,0,0,0,0,0,0,0,0,0,0,4095,4095,4095,4095,4095,4095,4095,4095,0,0,0,0,0,0,0,0,0,0,0,0,4095,4095,4095,4095,4095,4095,4095,4095,0,0,0,0,0,0,0,0,0,0,0,0,0,4095,4095,
4095,4095,4095,4095,4095,4095,0,0,0,0,0,0,0,0,0,0,0,0,4095,4095,4095,4095,4095,4095,4095,3461,0,0,0,0,0,0,0,0,0,0,0,0,4095,4095,4095,4095,4095,4095,4095,4095,0,0,0,0,0,0,0,0,0,0,0,0,4095,4095,4095,4095,4095,4095,4095,4095,0,0,0,0,0,0,0,0,0,0,0,0,0,4095,4095,4095,4095,4095,4095,4095,4095,0,0,0,0,0,0,0,0,0,0,0,0,4095,
4095,4095,4095,4095,4095,4095,4095,0,0,0,0,0,0,0,0,0,0,0,0,0,4095,4095,4095,4095,4095,4095,4095,0,0,0,0,0,0,0,0,0,0,0,0,0,4095,4095,4095,4095,4095,4095,4095,4095,0,0,0,0,0,0,0,0,0,0,0,0,4095,4095,4095,4095,4095,4095,4095,4095,0,0,0,0,0,0,0,0,0,0,0,0,0,4095,4095,4095,4095,4095,4095,4095,4095,0,0,0,0,0,0,0,0,0,0,0,
0,4095,4095,4095,4095,4095,4095,4095,4095,0,0,0,0,0,0,0,0,0,0,0,0,0,4095,4095,4095,4095,4095,4095,4095,0,0,0,0,0,0,0,0,0,0,0,0,1246,4095,4095,4095,4095,4095,4095,4095,4080,0,0,0,0,0,0,0,0,0,0,0,0,4095,4095,4095,4095,4095,4095,4095,4095,0,0,0,0,0,0,0,0,0,0,0,0,1023,4095,4095,4095,4095,4095,4095,4095,0,0,0,0,0,0,0,0,0,0,
0,0,0,4095,4095,4095,4095,4095,4095,4095,4095,0,0,0,0,0,0,0,0,0,0,0,0,4095,4095,4095,4095,4095,4095,4095,4095,0,0,0,0,0,0,0,0,0,0,0,0,4095,4095,4095,4095,4095,4095,4095,4095,0,0,0,0,0,0,0,0,0,0,0,0,0,4095,4095,4095,4095,4095,4095,4095,4095,0,0,0,0,0,0,0,0,0,0,0,0,4095,4095,4095,4095,4095,4095,4095,4095,0,0,0,0,0,0,0,0,
0,0,0,0,4095,4095,4095,4095,4095,4095,4095,4095,0,0,0,0,0,0,0,0,0,0,0,0,0,4095,4095,4095,4095,4095,4095,4095,0,0,0,0,0,0,0,0,0,0,0,0,0,4095,4095,4095,4095,4095,4095,4095,4095,0,0,0,0,0,0,0,0,0,0,0,0,4095,4095,4095,4095,4095,4095,4095,4095,0,0,0,0,0,0,0,0,0,0,0,0,0,4095,4095,4095,4095,4095,4095,4095,4095,0,0,0,0,0,0,
0,0,0,0,0,0,4095,4095,4095,4095,4095,4095,4095,4095,0,0,0,0,0,0,0,0,0,0,0,0,3,4095,4095,4095,4095,4095,4095,4095,0,0,0,0,0,0,0,0,0,0,0,0,1250,4095,4095,4095,4095,4095,4095,4095,4032,0,0,0,0,0,0,0,0,0,0,0,0,4095,4095,4095,4095,4095,4095,4095,4095,0,0,0,0,0,0,0,0,0,0,0,0,4095,4095,4095,4095,4095,4095,4095,4095,0,0,0,0,0,
0,0,0,0,0,0,0,0,4095,4095,4095,4095,4095,4095,4095,4095,0,0,0,0,0,0,0,0,0,0,0,0,255,4095,4095,4095,4095,4095,4095,4095,0,0,0,0,0,0,0,0,0,0,0,0,1246,4095,4095,4095,4095,4095,4095,4095,0,0,0,0,0,0,0,0,0,0,0,0,0,4095,4095,4095,4095,4095,4095,4095,4095,0,0,0,0,0,0,0,0,0,0,0,0,4095,4095,4095,4095,4095,4095,4095,4095,0,0,0,
0,0,0,0,0,0,0,0,0,0,4095,4095,4095,4095,4095,4095,4095,4095,0,0,0,0,0,0,0,0,0,0,0,0,4095,4095,4095,4095,4095,4095,4095,0,0,0,0,0,0,0,0,0,0,0,0,0,4095,4095,4095,4095,4095,4095,4095,4095,0,0,0,0,0,0,0,0,0,0,0,0,4095,4095,4095,4095,4095,4095,4095,4095,0,0,0,0,0,0,0,0,0,0,0,0,0,4095,4095,4095,4095,4095,4095,4095,4095,0,
0,0,0,0,0,0,0,0,0,0,0,4095,4095,4095,4095,4095,4095,4095,4095,3423,0,0,0,0,0,0,0,0,0,0,0,0,4095,4095,4095,4095,4095,4095,4095,0,0,0,0,0,0,0,0,0,0,0,0,4095,4095,4095,4095,4095,4095,4095,4095,0,0,0,0,0,0,0,0,0,0,0,0,4095,4095,4095,4095,4095,4095,4095,4095,0,0,0,0,0,0,0,0,0,0,0,0,4095,4095,4095,4095,4095,4095,4095,4095,0,
0,0,0,0,0,0,0,0,0,0,0,4095,4095,4095,4095,4095,4095,4095,4095,0,0,0,0,0,0,0,0,0,0,0,0,4095,4095,4095,4095,4095,4095,4095,0,0,0,0,0,0,0,0,0,0,0,0,4095,4095,4095,4095,4095,4095,4095,4095,0,0,0,0,0,0,0,0,0,0,0,0,4095,4095,4095,4095,4095,4095,4095,4095,0,0,0,0,0,0,0,0,0,0,0,0,1201,4095,4095,4095,4095,4095,4095,4095,4064,0,
0,0,0,0,0,0,0,0,0,0,0,4095,4095,4095,4095,4095,4095,4095,4095,0,0,0,0,0,0,0,0,0,0,0,0,1232,4095,4095,4095,4095,4095,4095,4095,0,0,0,0,0,0,0,0,0,0,0,0,127,4095,4095,4095,4095,4095,4095,4095,3449,0,0,0,0,0,0,0,0,0,0,0,0,4095,4095,4095,4095,4095,4095,4095,4095,0,0,0,0,0,0,0,0,0,0,0,0,4095,4095,4095,4095,4095,4095,4095,4095,
0,0,0,0,0,0,0,0,0,0,0,0,0,4095,4095,4095,4095,4095,4095,4095,4064,0,0,0,0,0,0,0,0,0,0,0,0,4095,4095,4095,4095,4095,4095,4095,0,0,0,0,0,0,0,0,0,0,0,0,1198,4095,4095,4095,4095,4095,4095,4095,0,0,0,0,0,0,0,0,0,0,0,0,0,4095,4095,4095,4095,4095,4095,4095,4095,0,0,0,0,0,0,0,0,0,0,0,0,4095,4095,4095,4095,4095,4095,4095,
4095,0,0,0,0,0,0,0,0,0,0,0,0,0,4095,4095,4095,4095,4095,4095,4095,4095,0,0,0,0,0,0,0,0,0,0,0,0,4095,4095,4095,4095,4095,4095,4095,0,0,0,0,0,0,0,0,0,0,0,0,4095,4095,4095,4095,4095,4095,4095,4095,0,0,0,0,0,0,0,0,0,0,0,0,4095,4095,4095,4095,4095,4095,4095,4095,0,0,0,0,0,0,0,0,0,0,0,0,4095,4095,4095,4095,4095,4095,4095,
4095,0,0,0,0,0,0,0,0,0,0,0,0,4095,4095,4095,4095,4095,4095,4095,4095,0,0,0,0,0,0,0,0,0,0,0,0,0,4095,4095,4095,4095,4095,4095,4095,0,0,0,0,0,0,0,0,0,0,0,0,0,4095,4095,4095,4095,4095,4095,4095,4088,0,0,0,0,0,0,0,0,0,0,0,0,4095,4095,4095,4095,4095,4095,4095,4095,0,0,0,0,0,0,0,0,0,0,0,0,1023,4095,4095,4095,4095,4095,
4095,4095,0,0,0,0,0,0,0,0,0,0,0,0,0,4095,4095,4095,4095,4095,4095,4095,4095,0,0,0,0,0,0,0,0,0,0,0,0,4095,4095,4095,4095,4095,4095,4095,3461,0,0,0,0,0,0,0,0,0,0,0,0,4095,4095,4095,4095,4095,4095,4095,4095,0,0,0,0,0,0,0,0,0,0,0,0,63,4095,4095,4095,4095,4095,4095,4095,4032,0,0,0,0,0,0,0,0,0,0,0,0,4095,4095,4095,4095,
4095,4095,4095,4095,0,0,0,0,0,0,0,0,0,0,0,0,4095,4095,4095,4095,4095,4095,4095,4095,3479,0,0,0,0,0,0,0,0,0,0,0,0,4095,4095,4095,4095,4095,4095,4095,0,0,0,0,0,0,0,0,0,0,0,0,4095,4095,4095,4095,4095,4095,4095,4095,0,0,0,0,0,0,0,0,0,0,0,0,0,4095,4095,4095,4095,4095,4095,4095,4095,0,0,0,0,0,0,0,0,0,0,0,0,4095,4095,4095,
4095,4095,4095,4095,4095,0,0,0,0,0,0,0,0,0,0,0,0,31,4095,4095,4095,4095,4095,4095,4095,4095,0,0,0,0,0,0,0,0,0,0,0,0,4095,4095,4095,4095,4095,4095,4095,0,0,0,0,0,0,0,0,0,0,0,0,0,4095,4095,4095,4095,4095,4095,4095,4095,0,0,0,0,0,0,0,0,0,0,0,0,4095,4095,4095,4095,4095,4095,4095,4095,0,0,0,0,0,0,0,0,0,0,0,0,4095,4095,
4095,4095,4095,4095,4095,4095,0,0,0,0,0,0,0,0,0,0,0,0,0,4095,4095,4095,4095,4095,4095,4095,4095,0,0,0,0,0,0,0,0,0,0,0,0,4095,4095,4095,4095,4095,4095,4095,3463,0,0,0,0,0,0,0,0,0,0,0,0,4095,4095,4095,4095,4095,4095,4095,4095,0,0,0,0,0,0,0,0,0,0,0,0,4095,4095,4095,4095,4095,4095,4095,4095,0,0,0,0,0,0,0,0,0,0,0,0,0,
4095,4095,4095,4095,4095,4095,4095,4095,0,0,0,0,0,0,0,0,0,0,0,0,4095,4095,4095,4095,4095,4095,4095,4095,0,0,0,0,0,0,0,0,0,0,0,0,0,4095,4095,4095,4095,4095,4095,4095,0,0,0,0,0,0,0,0,0,0,0,0,255,4095,4095,4095,4095,4095,4095,4095,3478,0,0,0,0,0,0,0,0,0,0,0,0,4095,4095,4095,4095,4095,4095,4095,4095,0,0,0,0,0,0,0,0,0,0,0,
0,4095,4095,4095,4095,4095,4095,4095,4095,0,0,0,0,0,0,0,0,0,0,0,0,0,4095,4095,4095,4095,4095,4095,4095,4095,0,0,0,0,0,0,0,0,0,0,0,0,4095,4095,4095,4095,4095,4095,4095,3461,0,0,0,0,0,0,0,0,0,0,0,0,4095,4095,4095,4095,4095,4095,4095,4095,0,0,0,0,0,0,0,0,0,0,0,0,4095,4095,4095,4095,4095,4095,4095,4095,0,0,0,0,0,0,0,0,0,0,
0,0,0,4095,4095,4095,4095,4095,4095,4095,4095,0,0,0,0,0,0,0,0,0,0,0,0,4095,4095,4095,4095,4095,4095,4095,4095,0,0,0,0,0,0,0,0,0,0,0,0,63,4095,4095,4095,4095,4095,4095,4095,0,0,0,0,0,0,0,0,0,0,0,0,1023,4095,4095,4095,4095,4095,4095,4095,3840,0,0,0,0,0,0,0,0,0,0,0,0,4095,4095,4095,4095,4095,4095,4095,4095,0,0,0,0,0,0,0,0,
0,0,0,0,4095,4095,4095,4095,4095,4095,4095,4095,0,0,0,0,0,0,0,0,0,0,0,0,0,4095,4095,4095,4095,4095,4095,4095,4095,0,0,0,0,0,0,0,0,0,0,0,0,4095,4095,4095,4095,4095,4095,4095,0,0,0,0,0,0,0,0,0,0,0,0,0,4095,4095,4095,4095,4095,4095,4095,4095,0,0,0,0,0,0,0,0,0,0,0,0,4095,4095,4095,4095,4095,4095,4095,4095,0,0,0,0,0,0,0,
0,0,0,0,0,4095,4095,4095,4095,4095,4095,4095,4095,0,0,0,0,0,0,0,0,0,0,0,0,0,4095,4095,4095,4095,4095,4095,4095,4095,0,0,0,0,0,0,0,0,0,0,0,0,4095,4095,4095,4095,4095,4095,4095,0,0,0,0,0,0,0,0,0,0,0,0,0,4095,4095,4095,4095,4095,4095,4095,4095,0,0,0,0,0,0,0,0,0,0,0,0,4095,4095,4095,4095,4095,4095,4095,4095,0,0,0,0,0,0,
0,0,0,0,0,0,0,4095,4095,4095,4095,4095,4095,4095,4095,0,0,0,0,0,0,0,0,0,0,0,0,4095,4095,4095,4095,4095,4095,4095,4095,0,0,0,0,0,0,0,0,0,0,0,0,0,4095,4095,4095,4095,4095,4095,4095,0,0,0,0,0,0,0,0,0,0,0,0,4095,4095,4095,4095,4095,4095,4095,4095,0,0,0,0,0,0,0,0,0,0,0,0,4095,4095,4095,4095,4095,4095,4095,4095,0,0,0,0,0,
0,0,0,0,0,0,0,4095,4095,4095,4095,4095,4095,4095,4095,0,0,0,0,0,0,0,0,0,0,0,0,4095,4095,4095,4095,4095,4095,4095,4095,0,0,0,0,0,0,0,0,0,0,0,0,4095,4095,4095,4095,4095,4095,4095,0,0,0,0,0,0,0,0,0,0,0,0,4095,4095,4095,4095,4095,4095,4095,4095,0,0,0,0,0,0,0,0,0,0,0,0,4095,4095,4095,4095,4095,4095,4095,4095,0,0,0,0,0,0,
0,0,0,0,0,0,4095,4095,4095,4095,4095,4095,4095,4095,0,0,0,0,0,0,0,0,0,0,0,0,1,4095,4095,4095,4095,4095,4095,4095,4032,0,0,0,0,0,0,0,0,0,0,0,0,4095,4095,4095,4095,4095,4095,4095,0,0,0,0,0,0,0,0,0,0,0,0,7,4095,4095,4095,4095,4095,4095,4095,4080,0,0,0,0,0,0,0,0,0,0,0,0,4095,4095,4095,4095,4095,4095,4095,4095,0,0,0,0,0,
0,0,0,0,0,0,0,4095,4095,4095,4095,4095,4095,4095,4095,0,0,0,0,0,0,0,0,0,0,0,0,0,4095,4095,4095,4095,4095,4095,4095,4095,0,0,0,0,0,0,0,0,0,0,0,0,4095,4095,4095,4095,4095,4095,4095,0,0,0,0,0,0,0,0,0,0,0,0,0,4095,4095,4095,4095,4095,4095,4095,4095,0,0,0,0,0,0,0,0,0,0,0,0,4095,4095,4095,4095,4095,4095,4095,4095,0,0,0,0,
0,0,0,0,0,0,0,0,127,4095,4095,4095,4095,4095,4095,4095,0,0,0,0,0,0,0,0,0,0,0,0,0,4095,4095,4095,4095,4095,4095,4095,4095,0,0,0,0,0,0,0,0,0,0,0,0,4095,4095,4095,4095,4095,4095,4095,0,0,0,0,0,0,0,0,0,0,0,0,4095,4095,4095,4095,4095,4095,4095,4095,0,0,0,0,0,0,0,0,0,0,0,0,0,4095,4095,4095,4095,4095,4095,4095,4095,0,0,0,
0,0,0,0,0,0,0,0,0,4095,4095,4095,4095,4095,4095,4095,4095,0,0,0,0,0,0,0,0,0,0,0,0,4095,4095,4095,4095,4095,4095,4095,4095,0,0,0,0,0,0,0,0,0,0,0,0,0,4095,4095,4095,4095,4095,4095,4095,0,0,0,0,0,0,0,0,0,0,0,0,0,4095,4095,4095,4095,4095,4095,4095,4095,0,0,0,0,0,0,0,0,0,0,0,0,4095,4095,4095,4095,4095,4095,4095,4095,0,0,
0,0,0,0,0,0,0,0,0,0,0,4095,4095,4095,4095,4095,4095,4095,3968,0,0,0,0,0,0,0,0,0,0,0,0,4095,4095,4095,4095,4095,4095,4095,4095,0,0,0,0,0,0,0,0,0,0,0,0,4095,4095,4095,4095,4095,4095,4095,4095,0,0,0,0,0,0,0,0,0,0,0,0,4095,4095,4095,4095,4095,4095,4095,4095,0,0,0,0,0,0,0,0,0,0,0,0,0,4095,4095,4095,4095,4095,4095,4095,4095,
0,0,0,0,0,0,0,0,0,0,0,0,4095,4095,4095,4095,4095,4095,4095,4095,0,0,0,0,0,0,0,0,0,0,0,0,0,4095,4095,4095,4095,4095,4095,4095,4064,0,0,0,0,0,0,0,0,0,0,0,0,4095,4095,4095,4095,4095,4095,4095,0,0,0,0,0,0,0,0,0,0,0,0,0,4095,4095,4095,4095,4095,4095,4095,4095,0,0,0,0,0,0,0,0,0,0,0,0,4095,4095,4095,4095,4095,4095,4095,
4095,0,0,0,0,0,0,0,0,0,0,0,0,0,4095,4095,4095,4095,4095,4095,4095,4095,0,0,0,0,0,0,0,0,0,0,0,0,4095,4095,4095,4095,4095,4095,4095,4095,0,0,0,0,0,0,0,0,0,0,0,0,0,4095,4095,4095,4095,4095,4095,4095,0,0,0,0,0,0,0,0,0,0,0,0,1239,4095,4095,4095,4095,4095,4095,4095,4095,0,0,0,0,0,0,0,0,0,0,0,0,4095,4095,4095,4095,4095,
4095,4095,4095,0,0,0,0,0,0,0,0,0,0,0,0,63,4095,4095,4095,4095,4095,4095,4095,4032,0,0,0,0,0,0,0,0,0,0,0,0,4095,4095,4095,4095,4095,4095,4095,4095,0,0,0,0,0,0,0,0,0,0,0,0,127,4095,4095,4095,4095,4095,4095,4095,0,0,0,0,0,0,0,0,0,0,0,0,4095,4095,4095,4095,4095,4095,4095,4095,0,0,0,0,0,0,0,0,0,0,0,0,0,4095,4095,4095,
4095,4095,4095,4095,4095,0,0,0,0,0,0,0,0,0,0,0,0,4095,4095,4095,4095,4095,4095,4095,4095,0,0,0,0,0,0,0,0,0,0,0,0,0,4095,4095,4095,4095,4095,4095,4095,4095,0,0,0,0,0,0,0,0,0,0,0,0,4095,4095,4095,4095,4095,4095,4095,3427,0,0,0,0,0,0,0,0,0,0,0,0,4095,4095,4095,4095,4095,4095,4095,4095,0,0,0,0,0,0,0,0,0,0,0,0,4095,4095,
4095,4095,4095,4095,4095,4095,0,0,0,0,0,0,0,0,0,0,0,0,0,4095,4095,4095,4095,4095,4095,4095,4095,0,0,0,0,0,0,0,0,0,0,0,0,4095,4095,4095,4095,4095,4095,4095,4095,0,0,0,0,0,0,0,0,0,0,0,0,127,4095,4095,4095,4095,4095,4095,4095,0,0,0,0,0,0,0,0,0,0,0,0,4095,4095,4095,4095,4095,4095,4095,4095,0,0,0,0,0,0,0,0,0,0,0,0,0,
4095,4095,4095,4095,4095,4095,4095,4095,0,0,0,0,0,0,0,0,0,0,0,0,4095,4095,4095,4095,4095,4095,4095,4095,0,0,0,0,0,0,0,0,0,0,0,0,0,4095,4095,4095,4095,4095,4095,4095,4095,0,0,0,0,0,0,0,0,0,0,0,0,4095,4095,4095,4095,4095,4095,4095,4095,0,0,0,0,0,0,0,0,0,0,0,0,4095,4095,4095,4095,4095,4095,4095,4095,0,0,0,0,0,0,0,0,0,0,0,
0,0,4095,4095,4095,4095,4095,4095,4095,4095,0,0,0,0,0,0,0,0,0,0,0,0,4095,4095,4095,4095,4095,4095,4095,4095,0,0,0,0,0,0,0,0,0,0,0,0,0,4095,4095,4095,4095,4095,4095,4095,4095,0,0,0,0,0,0,0,0,0,0,0,0,4095,4095,4095,4095,4095,4095,4095,0,0,0,0,0,0,0,0,0,0,0,0,1180,4095,4095,4095,4095,4095,4095,4095,0,0,0,0,0,0,0,0,0,0,
0,0,0,4095,4095,4095,4095,4095,4095,4095,4095,0,0,0,0,0,0,0,0,0,0,0,0,4095,4095,4095,4095,4095,4095,4095,4095,0,0,0,0,0,0,0,0,0,0,0,0,7,4095,4095,4095,4095,4095,4095,4095,4095,0,0,0,0,0,0,0,0,0,0,0,0,4095,4095,4095,4095,4095,4095,4095,0,0,0,0,0,0,0,0,0,0,0,0,31,4095,4095,4095,4095,4095,4095,4095,3968,0,0,0,0,0,0,0,0,
0,0,0,0,4095,4095,4095,4095,4095,4095,4095,4095,0,0,0,0,0,0,0,0,0,0,0,0,1251,4095,4095,4095,4095,4095,4095,4095,0,0,0,0,0,0,0,0,0,0,0,0,0,4095,4095,4095,4095,4095,4095,4095,4095,0,0,0,0,0,0,0,0,0,0,0,0,4095,4095,4095,4095,4095,4095,4095,0,0,0,0,0,0,0,0,0,0,0,0,0,4095,4095,4095,4095,4095,4095,4095,3968,0,0,0,0,0,0,0,
0,0,0,0,0,4095,4095,4095,4095,4095,4095,4095,3467,0,0,0,0,0,0,0,0,0,0,0,4095,4095,4095,4095,4095,4095,4095,4095,0,0,0,0,0,0,0,0,0,0,0,0,15,4095,4095,4095,4095,4095,4095,4095,0,0,0,0,0,0,0,0,0,0,0,0,4095,4095,4095,4095,4095,4095,4095,0,0,0,0,0,0,0,0,0,0,0,0,4095,4095,4095,4095,4095,4095,4095,4095,0,0,0,0,0,0,0,0,0,
0,0,0,4095,4095,4095,4095,4095,4095,4095,4095,0,0,0,0,0,0,0,0,0,0,0,0,0,4095,4095,4095,4095,4095,4095,4095,4095,0,0,0,0,0,0,0,0,0,0,0,0,4095,4095,4095,4095,4095,4095,4095,4095,0,0,0,0,0,0,0,0,0,0,0,0,31,4095,4095,4095,4095,4095,4095,4095,0,0,0,0,0,0,0,0,0,0,0,0,4095,4095,4095,4095,4095,4095,4095,4095,0,0,0,0,0,0,0,0,
0,0,0,0,0,4095,4095,4095,4095,4095,4095,4095,4095,0,0,0,0,0,0,0,0,0,0,0,0,4095,4095,4095,4095,4095,4095,4095,4095,0,0,0,0,0,0,0,0,0,0,0,0,15,4095,4095,4095,4095,4095,4095,4095,3584,0,0,0,0,0,0,0,0,0,0,0,0,4095,4095,4095,4095,4095,4095,4095,0,0,0,0,0,0,0,0,0,0,0,0,1023,4095,4095,4095,4095,4095,4095,4095,0,0,0,0,0,0,0,
0,0,0,0,0,0,4095,4095,4095,4095,4095,4095,4095,4095,0,0,0,0,0,0,0,0,0,0,0,0,4095,4095,4095,4095,4095,4095,4095,4095,0,0,0,0,0,0,0,0,0,0,0,0,7,4095,4095,4095,4095,4095,4095,4095,3584,0,0,0,0,0,0,0,0,0,0,0,0,4095,4095,4095,4095,4095,4095,4095,0,0,0,0,0,0,0,0,0,0,0,0,4095,4095,4095,4095,4095,4095,4095,4095,0,0,0,0,0,0,
0,0,0,0,0,0,4095,4095,4095,4095,4095,4095,4095,4095,0,0,0,0,0,0,0,0,0,0,0,0,4095,4095,4095,4095,4095,4095,4095,4095,0,0,0,0,0,0,0,0,0,0,0,0,0,4095,4095,4095,4095,4095,4095,4095,4095,0,0,0,0,0,0,0,0,0,0,0,0,4095,4095,4095,4095,4095,4095,4095,4095,0,0,0,0,0,0,0,0,0,0,0,0,4095,4095,4095,4095,4095,4095,4095,4095,0,0,0,0,0,
0,0,0,0,0,0,0,0,4095,4095,4095,4095,4095,4095,4095,4095,0,0,0,0,0,0,0,0,0,0,0,0,511,4095,4095,4095,4095,4095,4095,4095,3968,0,0,0,0,0,0,0,0,0,0,0,0,4095,4095,4095,4095,4095,4095,4095,4095,0,0,0,0,0,0,0,0,0,0,0,0,0,4095,4095,4095,4095,4095,4095,4095,0,0,0,0,0,0,0,0,0,0,0,0,4095,4095,4095,4095,4095,4095,4095,4095,0,0,0,
0,0,0,0,0,0,0,0,0,0,4095,4095,4095,4095,4095,4095,4095,4095,0,0,0,0,0,0,0,0,0,0,0,0,4095,4095,4095,4095,4095,4095,4095,4095,0,0,0,0,0,0,0,0,0,0,0,0,255,4095,4095,4095,4095,4095,4095,4095,0,0,0,0,0,0,0,0,0,0,0,0,0,4095,4095,4095,4095,4095,4095,4095,0,0,0,0,0,0,0,0,0,0,0,0,7,4095,4095,4095,4095,4095,4095,4095,0,0,
0,0,0,0,0,0,0,0,0,0,0,4095,4095,4095,4095,4095,4095,4095,4095,0,0,0,0,0,0,0,0,0,0,0,0,4095,4095,4095,4095,4095,4095,4095,4095,0,0,0,0,0,0,0,0,0,0,0,0,0,4095,4095,4095,4095,4095,4095,4095,3968,0,0,0,0,0,0,0,0,0,0,0,0,4095,4095,4095,4095,4095,4095,4095,0,0,0,0,0,0,0,0,0,0,0,0,4095,4095,4095,4095,4095,4095,4095,4095,0,
0,0,0,0,0,0,0,0,0,0,0,0,4095,4095,4095,4095,4095,4095,4095,4095,0,0,0,0,0,0,0,0,0,0,0,0,4095,4095,4095,4095,4095,4095,4095,4095,0,0,0,0,0,0,0,0,0,0,0,0,0,4095,4095,4095,4095,4095,4095,4095,4095,0,0,0,0,0,0,0,0,0,0,0,0,4095,4095,4095,4095,4095,4095,4095,3392,0,0,0,0,0,0,0,0,0,0,0,0,4095,4095,4095,4095,4095,4095,4095,
4095,0,0,0,0,0,0,0,0,0,0,0,0,4095,4095,4095,4095,4095,4095,4095,4095,0,0,0,0,0,0,0,0,0,0,0,0,0,4095,4095,4095,4095,4095,4095,4095,4095,0,0,0,0,0,0,0,0,0,0,0,0,4095,4095,4095,4095,4095,4095,4095,4095,0,0,0,0,0,0,0,0,0,0,0,0,0,4095,4095,4095,4095,4095,4095,4095,0,0,0,0,0,0,0,0,0,0,0,0,4095,4095,4095,4095,4095,4095,
4095,4095,0,0,0,0,0,0,0,0,0,0,0,0,1,4095,4095,4095,4095,4095,4095,4095,4095,0,0,0,0,0,0,0,0,0,0,0,0,4095,4095,4095,4095,4095,4095,4095,4095,0,0,0,0,0,0,0,0,0,0,0,0,4095,4095,4095,4095,4095,4095,4095,4095,0,0,0,0,0,0,0,0,0,0,0,0,0,4095,4095,4095,4095,4095,4095,4095,0,0,0,0,0,0,0,0,0,0,0,0,4095,4095,4095,4095,4095,
4095,4095,4095,0,0,0,0,0,0,0,0,0,0,0,0,0,4095,4095,4095,4095,4095,4095,4095,4095,0,0,0,0,0,0,0,0,0,0,0,0,4095,4095,4095,4095,4095,4095,4095,4095,0,0,0,0,0,0,0,0,0,0,0,0,3,4095,4095,4095,4095,4095,4095,4095,3431,0,0,0,0,0,0,0,0,0,0,0,0,4095,4095,4095,4095,4095,4095,4095,0,0,0,0,0,0,0,0,0,0,0,0,0,4095,4095,4095,
4095,4095,4095,4095,4095,0,0,0,0,0,0,0,0,0,0,0,0,4095,4095,4095,4095,4095,4095,4095,4095,0,0,0,0,0,0,0,0,0,0,0,0,0,4095,4095,4095,4095,4095,4095,4095,4095,0,0,0,0,0,0,0,0,0,0,0,0,4095,4095,4095,4095,4095,4095,4095,4095,0,0,0,0,0,0,0,0,0,0,0,0,255,4095,4095,4095,4095,4095,4095,4095,0,0,0,0,0,0,0,0,0,0,0,0,4095,4095,
4095,4095,4095,4095,4095,4095,3472,0,0,0,0,0,0,0,0,0,0,0,0,4095,4095,4095,4095,4095,4095,4095,4095,0,0,0,0,0,0,0,0,0,0,0,0,1023,4095,4095,4095,4095,4095,4095,4095,0,0,0,0,0,0,0,0,0,0,0,0,0,4095,4095,4095,4095,4095,4095,4095,4095,0,0,0,0,0,0,0,0,0,0,0,0,4095,4095,4095,4095,4095,4095,4095,0,0,0,0,0,0,0,0,0,0,0,0,0,
4095,4095,4095,4095,4095,4095,4095,4095,0,0,0,0,0,0,0,0,0,0,0,0,4095,4095,4095,4095,4095,4095,4095,4095,0,0,0,0,0,0,0,0,0,0,0,0,0,4095,4095,4095,4095,4095,4095,4095,4095,0,0,0,0,0,0,0,0,0,0,0,0,4095,4095,4095,4095,4095,4095,4095,4095,0,0,0,0,0,0,0,0,0,0,0,0,15,4095,4095,4095,4095,4095,4095,4095,0,0,0,0,0,0,0,0,0,0,0,
0,4095,4095,4095,4095,4095,4095,4095,4095,0,0,0,0,0,0,0,0,0,0,0,0,4095,4095,4095,4095,4095,4095,4095,4095,0,0,0,0,0,0,0,0,0,0,0,0,4095,4095,4095,4095,4095,4095,4095,4095,0,0,0,0,0,0,0,0,0,0,0,0,4095,4095,4095,4095,4095,4095,4095,4095,0,0,0,0,0,0,0,0,0,0,0,0,4095,4095,4095,4095,4095,4095,4095,0,0,0,0,0,0,0,0,0,0,0,0,
4095,4095,4095,4095,4095,4095,4095,4095,0,0,0,0,0,0,0,0,0,0,0,0,4095,4095,4095,4095,4095,4095,4095,4095,0,0,0,0,0,0,0,0,0,0,0,0,4095,4095,4095,4095,4095,4095,4095,4095,0,0,0,0,0,0,0,0,0,0,0,0,0,4095,4095,4095,4095,4095,4095,4095,3472,0,0,0,0,0,0,0,0,0,0,0,0,4095,4095,4095,4095,4095,4095,4095,0,0,0,0,0,0,0,0,0,0,0,0,
0,4095,4095,4095,4095,4095,4095,4095,3584,0,0,0,0,0,0,0,0,0,0,0,0,4095,4095,4095,4095,4095,4095,4095,4095,0,0,0,0,0,0,0,0,0,0,0,0,4095,4095,4095,4095,4095,4095,4095,4095,0,0,0,0,0,0,0,0,0,0,0,0,4095,4095,4095,4095,4095,4095,4095,4095,0,0,0,0,0,0,0,0,0,0,0,0,0,4095,4095,4095,4095,4095,4095,4095,0,0,0,0,0,0,0,0,0,0,0,
0,4095,4095,4095,4095,4095,4095,4095,4095,0,0,0,0,0,0,0,0,0,0,0,0,0,4095,4095,4095,4095,4095,4095,4095,4095,0,0,0,0,0,0,0,0,0,0,0,0,4095,4095,4095,4095,4095,4095,4095,4095,0,0,0,0,0,0,0,0,0,0,0,0,1023,4095,4095,4095,4095,4095,4095,4095,0,0,0,0,0,0,0,0,0,0,0,0,4095,4095,4095,4095,4095,4095,4095,4095,0,0,0,0,0,0,0,0,0,0,
0,0,4095,4095,4095,4095,4095,4095,4095,4095,0,0,0,0,0,0,0,0,0,0,0,0,4095,4095,4095,4095,4095,4095,4095,4095,0,0,0,0,0,0,0,0,0,0,0,0,4095,4095,4095,4095,4095,4095,4095,4095,0,0,0,0,0,0,0,0,0,0,0,0,0,4095,4095,4095,4095,4095,4095,4095,4095,0,0,0,0,0,0,0,0,0,0,0,0,4095,4095,4095,4095,4095,4095,4095,0,0,0,0,0,0,0,0,0,0,
0,0,0,4095,4095,4095,4095,4095,4095,4095,4095,0,0,0,0,0,0,0,0,0,0,0,0,4095,4095,4095,4095,4095,4095,4095,4095,0,0,0,0,0,0,0,0,0,0,0,0,0,4095,4095,4095,4095,4095,4095,4095,4095,0,0,0,0,0,0,0,0,0,0,0,0,4095,4095,4095,4095,4095,4095,4095,4095,0,0,0,0,0,0,0,0,0,0,0,0,0,4095,4095,4095,4095,4095,4095,4095,0,0,0,0,0,0,0,0,
0,0,0,0,4095,4095,4095,4095,4095,4095,4095,4095,0,0,0,0,0,0,0,0,0,0,0,0,0,4095,4095,4095,4095,4095,4095,4095,4095,0,0,0,0,0,0,0,0,0,0,0,0,4095,4095,4095,4095,4095,4095,4095,4095,0,0,0,0,0,0,0,0,0,0,0,0,4095,4095,4095,4095,4095,4095,4095,4095,0,0,0,0,0,0,0,0,0,0,0,0,0,4095,4095,4095,4095,4095,4095,4095,0,0,0,0,0,0,0,
0,0,0,0,0,4095,4095,4095,4095,4095,4095,4095,4095,0,0,0,0,0,0,0,0,0,0,0,0,0,4095,4095,4095,4095,4095,4095,4095,4095,0,0,0,0,0,0,0,0,0,0,0,0,4095,4095,4095,4095,4095,4095,4095,4095,0,0,0,0,0,0,0,0,0,0,0,0,0,4095,4095,4095,4095,4095,4095,4095,4094,0,0,0,0,0,0,0,0,0,0,0,0,4095,4095,4095,4095,4095,4095,4095,0,0,0,0,0,0,
0,0,0,0,0,0,3,4095,4095,4095,4095,4095,4095,4095,4095,0,0,0,0,0,0,0,0,0,0,0,0,4095,4095,4095,4095,4095,4095,4095,4095,0,0,0,0,0,0,0,0,0,0,0,0,0,4095,4095,4095,4095,4095,4095,4095,4095,0,0,0,0,0,0,0,0,0,0,0,0,4095,4095,4095,4095,4095,4095,4095,4095,0,0,0,0,0,0,0,0,0,0,0,0,0,4095,4095,4095,4095,4095,4095,4095,0,0,0,0,
0,0,0,0,0,0,0,0,4095,4095,4095,4095,4095,4095,4095,4095,0,0,0,0,0,0,0,0,0,0,0,0,0,4095,4095,4095,4095,4095,4095,4095,4095,0,0,0,0,0,0,0,0,0,0,0,0,255,4095,4095,4095,4095,4095,4095,4095,3423,0,0,0,0,0,0,0,0,0,0,0,0,4095,4095,4095,4095,4095,4095,4095,4095,0,0,0,0,0,0,0,0,0,0,0,0,0,4095,4095,4095,4095,4095,4095,4095,0,0,
0,0,0,0,0,0,0,0,0,0,4095,4095,4095,4095,4095,4095,4095,4095,0,0,0,0,0,0,0,0,0,0,0,0,0,4095,4095,4095,4095,4095,4095,4095,4095,0,0,0,0,0,0,0,0,0,0,0,0,4095,4095,4095,4095,4095,4095,4095,4095,0,0,0,0,0,0,0,0,0,0,0,0,0,4095,4095,4095,4095,4095,4095,4095,4095,0,0,0,0,0,0,0,0,0,0,0,0,4095,4095,4095,4095,4095,4095,4095,3456,
0,0,0,0,0,0,0,0,0,0,0,0,4095,4095,4095,4095,4095,4095,4095,4095,0,0,0,0,0,0,0,0,0,0,0,0,4095,4095,4095,4095,4095,4095,4095,4095,0,0,0,0,0,0,0,0,0,0,0,0,0,4095,4095,4095,4095,4095,4095,4095,4095,0,0,0,0,0,0,0,0,0,0,0,0,4095,4095,4095,4095,4095,4095,4095,4095,0,0,0,0,0,0,0,0,0,0,0,0,1023,4095,4095,4095,4095,4095,4095,
4095,0,0,0,0,0,0,0,0,0,0,0,0,4095,4095,4095,4095,4095,4095,4095,4095,0,0,0,0,0,0,0,0,0,0,0,0,0,4095,4095,4095,4095,4095,4095,4095,4095,0,0,0,0,0,0,0,0,0,0,0,0,511,4095,4095,4095,4095,4095,4095,4095,0,0,0,0,0,0,0,0,0,0,0,0,0,4095,4095,4095,4095,4095,4095,4095,4095,0,0,0,0,0,0,0,0,0,0,0,0,4095,4095,4095,4095,4095,
4095,4095,4095,0,0,0,0,0,0,0,0,0,0,0,0,4095,4095,4095,4095,4095,4095,4095,4095,4064,0,0,0,0,0,0,0,0,0,0,0,0,4095,4095,4095,4095,4095,4095,4095,4095,0,0,0,0,0,0,0,0,0,0,0,0,31,4095,4095,4095,4095,4095,4095,4095,4095,0,0,0,0,0,0,0,0,0,0,0,0,4095,4095,4095,4095,4095,4095,4095,4095,0,0,0,0,0,0,0,0,0,0,0,0,63,4095,4095,
4095,4095,4095,4095,4095,0,0,0,0,0,0,0,0,0,0,0,0,4095,4095,4095,4095,4095,4095,4095,4095,0,0,0,0,0,0,0,0,0,0,0,0,0,4095,4095,4095,4095,4095,4095,4095,4095,0,0,0,0,0,0,0,0,0,0,0,0,1206,4095,4095,4095,4095,4095,4095,4095,3840,0,0,0,0,0,0,0,0,0,0,0,0,4095,4095,4095,4095,4095,4095,4095,4095,0,0,0,0,0,0,0,0,0,0,0,0,1023,
4095,4095,4095,4095,4095,4095,4095,0,0,0,0,0,0,0,0,0,0,0,0,4095,4095,4095,4095,4095,4095,4095,4095,0,0,0,0,0,0,0,0,0,0,0,0,4095,4095,4095,4095,4095,4095,4095,4095,0,0,0,0,0,0,0,0,0,0,0,0,4095,4095,4095,4095,4095,4095,4095,4095,0,0,0,0,0,0,0,0,0,0,0,0,4095,4095,4095,4095,4095,4095,4095,4095,0,0,0,0,0,0,0,0,0,0,0,0,4095,
4095,4095,4095,4095,4095,4095,0,0,0,0,0,0,0,0,0,0,0,0,4095,4095,4095,4095,4095,4095,4095,4095,0,0,0,0,0,0,0,0,0,0,0,0,4095,4095,4095,4095,4095,4095,4095,4095,0,0,0,0,0,0,0,0,0,0,0,0,4095,4095,4095,4095,4095,4095,4095,4095,0,0,0,0,0,0,0,0,0,0,0,0,0,4095,4095,4095,4095,4095,4095,4095,4095,0,0,0,0,0,0,0,0,0,0,0,0,1023,
4095,4095,4095,4095,4095,4095,4095,0,0,0,0,0,0,0,0,0,0,0,0,4095,4095,4095,4095,4095,4095,4095,4095,3427,0,0,0,0,0,0,0,0,0,0,0,0,4095,4095,4095,4095,4095,4095,4095,4095,0,0,0,0,0,0,0,0,0,0,0,0,4095,4095,4095,4095,4095,4095,4095,4095,0,0,0,0,0,0,0,0,0,0,0,0,127,4095,4095,4095,4095,4095,4095,4095,0,0,0,0,0,0,0,0,0,0,0,0,
0,4095,4095,4095,4095,4095,4095,4095,0,0,0,0,0,0,0,0,0,0,0,0,4095,4095,4095,4095,4095,4095,4095,4095,0,0,0,0,0,0,0,0,0,0,0,0,0,4095,4095,4095,4095,4095,4095,4095,4095,0,0,0,0,0,0,0,0,0,0,0,0,4095,4095,4095,4095,4095,4095,4095,4095,0,0,0,0,0,0,0,0,0,0,0,0,0,4095,4095,4095,4095,4095,4095,4095,4095,0,0,0,0,0,0,0,0,0,0,
0,0,4095,4095,4095,4095,4095,4095,4095,0,0,0,0,0,0,0,0,0,0,0,0,4095,4095,4095,4095,4095,4095,4095,4095,0,0,0,0,0,0,0,0,0,0,0,0,3,4095,4095,4095,4095,4095,4095,4095,0,0,0,0,0,0,0,0,0,0,0,0,127,4095,4095,4095,4095,4095,4095,4095,4064,0,0,0,0,0,0,0,0,0,0,0,0,4095,4095,4095,4095,4095,4095,4095,4095,0,0,0,0,0,0,0,0,0,0,
0,0,4095,4095,4095,4095,4095,4095,4095,4095,0,0,0,0,0,0,0,0,0,0,0,0,1200,4095,4095,4095,4095,4095,4095,4095,3840,0,0,0,0,0,0,0,0,0,0,0,0,4095,4095,4095,4095,4095,4095,4095,4095,0,0,0,0,0,0,0,0,0,0,0,0,3,4095,4095,4095,4095,4095,4095,4095,4095,0,0,0,0,0,0,0,0,0,0,0,0,4095,4095,4095,4095,4095,4095,4095,4095,0,0,0,0,0,0,0,0,
0,0,0,0,0,4095,4095,4095,4095,4095,4095,4095,0,0,0,0,0,0,0,0,0,0,0,0,4095,4095,4095,4095,4095,4095,4095,4095,0,0,0,0,0,0,0,0,0,0,0,0,0,4095,4095,4095,4095,4095,4095,4095,4095,0,0,0,0,0,0,0,0,0,0,0,0,1023,4095,4095,4095,4095,4095,4095,4095,4064,0,0,0,0,0,0,0,0,0,0,0,0,4095,4095,4095,4095,4095,4095,4095,4095,0,0,0,0,0,0,
0,0,0,0,0,0,0,4095,4095,4095,4095,4095,4095,4095,0,0,0,0,0,0,0,0,0,0,0,0,4095,4095,4095,4095,4095,4095,4095,4095,3584,0,0,0,0,0,0,0,0,0,0,0,0,4095,4095,4095,4095,4095,4095,4095,4095,0,0,0,0,0,0,0,0,0,0,0,0,0,4095,4095,4095,4095,4095,4095,4095,4095,0,0,0,0,0,0,0,0,0,0,0,0,4095,4095,4095,4095,4095,4095,4095,4095,0,0,0,0,
0,0,0,0,0,0,0,0,0,4095,4095,4095,4095,4095,4095,4095,0,0,0,0,0,0,0,0,0,0,0,0,4095,4095,4095,4095,4095,4095,4095,4095,0,0,0,0,0,0,0,0,0,0,0,0,0,4095,4095,4095,4095,4095,4095,4095,4095,0,0,0,0,0,0,0,0,0,0,0,0,4095,4095,4095,4095,4095,4095,4095,4095,0,0,0,0,0,0,0,0,0,0,0,0,0,4095,4095,4095,4095,4095,4095,4095,4095,0,0,
0,0,0,0,0,0,0,0,0,0,4095,4095,4095,4095,4095,4095,4095,0,0,0,0,0,0,0,0,0,0,0,0,0,4095,4095,4095,4095,4095,4095,4095,4095,0,0,0,0,0,0,0,0,0,0,0,0,4095,4095,4095,4095,4095,4095,4095,4095,0,0,0,0,0,0,0,0,0,0,0,0,0,4095,4095,4095,4095,4095,4095,4095,4095,0,0,0,0,0,0,0,0,0,0,0,0,4095,4095,4095,4095,4095,4095,4095,4095,0,
0,0,0,0,0,0,0,0,0,0,0,0,4095,4095,4095,4095,4095,4095,4095,0,0,0,0,0,0,0,0,0,0,0,0,0,4095,4095,4095,4095,4095,4095,4095,4095,0,0,0,0,0,0,0,0,0,0,0,0,4095,4095,4095,4095,4095,4095,4095,4095,0,0,0,0,0,0,0,0,0,0,0,0,0,4095,4095,4095,4095,4095,4095,4095,4095,0,0,0,0,0,0,0,0,0,0,0,0,4095,4095,4095,4095,4095,4095,4095,
4095,0,0,0,0,0,0,0,0,0,0,0,0,0,4095,4095,4095,4095,4095,4095,4095,0,0,0,0,0,0,0,0,0,0,0,0,4095,4095,4095,4095,4095,4095,4095,4095,0,0,0,0,0,0,0,0,0,0,0,0,0,4095,4095,4095,4095,4095,4095,4095,4095,0,0,0,0,0,0,0,0,0,0,0,0,4095,4095,4095,4095,4095,4095,4095,4095,0,0,0,0,0,0,0,0,0,0,0,0,0,4095,4095,4095,4095,4095,
4095,4095,4095,0,0,0,0,0,0,0,0,0,0,0,0,4095,4095,4095,4095,4095,4095,4095,4095,0,0,0,0,0,0,0,0,0,0,0,0,4095,4095,4095,4095,4095,4095,4095,4095,3584,0,0,0,0,0,0,0,0,0,0,0,0,4095,4095,4095,4095,4095,4095,4095,4095,0,0,0,0,0,0,0,0,0,0,0,0,4095,4095,4095,4095,4095,4095,4095,4095,0,0,0,0,0,0,0,0,0,0,0,0,0,4095,4095,4095,
4095,4095,4095,4095,4095,0,0,0,0,0,0,0,0,0,0,0,0,4095,4095,4095,4095,4095,4095,4095,4095,0,0,0,0,0,0,0,0,0,0,0,0,4095,4095,4095,4095,4095,4095,4095,4095,0,0,0,0,0,0,0,0,0,0,0,0,0,4095,4095,4095,4095,4095,4095,4095,4095,0,0,0,0,0,0,0,0,0,0,0,0,1023,4095,4095,4095,4095,4095,4095,4095,4094,0,0,0,0,0,0,0,0,0,0,0,0,4095,
4095,4095,4095,4095,4095,4095,4095,0,0,0,0,0,0,0,0,0,0,0,0,0,4095,4095,4095,4095,4095,4095,4095,0,0,0,0,0,0,0,0,0,0,0,0,4095,4095,4095,4095,4095,4095,4095,4095,0,0,0,0,0,0,0,0,0,0,0,0,0,4095,4095,4095,4095,4095,4095,4095,4095,0,0,0,0,0,0,0,0,0,0,0,0,4095,4095,4095,4095,4095,4095,4095,4095,0,0,0,0,0,0,0,0,0,0,0,0,
31,4095,4095,4095,4095,4095,4095,4095,3968,0,0,0,0,0,0,0,0,0,0,0,0,4095,4095,4095,4095,4095,4095,4095,0,0,0,0,0,0,0,0,0,0,0,0,0,4095,4095,4095,4095,4095,4095,4095,3422,0,0,0,0,0,0,0,0,0,0,0,0,4095,4095,4095,4095,4095,4095,4095,0,0,0,0,0,0,0,0,0,0,0,0,4095,4095,4095,4095,4095,4095,4095,4095,0,0,0,0,0,0,0,0,0,0,0,0,
0,4095,4095,4095,4095,4095,4095,4095,0,0,0,0,0,0,0,0,0,0,0,0,1234,4095,4095,4095,4095,4095,4095,0,0,0,0,0,0,0,0,0,0,0,0,4095,4095,4095,4095,4095,4095,4095,4095,0,0,0,0,0,0,0,0,0,0,0,0,4095,4095,4095,4095,4095,4095,4095,4095,0,0,0,0,0,0,0,0,0,0,0,0,0,4095,4095,4095,4095,4095,4095,4095,4095,0,0,0,0,0,0,0,0,0,0,0,0,
255,4095,4095,4095,4095,4095,4095,4095,3968,0,0,0,0,0,0,0,0,0,0,0,0,4095,4095,4095,4095,4095,4095,4095,0,0,0,0,0,0,0,0,0,0,0,0,3,4095,4095,4095,4095,4095,4095,4095,3968,0,0,0,0,0,0,0,0,0,0,0,0,4095,4095,4095,4095,4095,4095,4095,4095,0,0,0,0,0,0,0,0,0,0,0,0,4095,4095,4095,4095,4095,4095,4095,4095,0,0,0,0,0,0,0,0,0,0,0,
0,4095,4095,4095,4095,4095,4095,4095,4095,0,0,0,0,0,0,0,0,0,0,0,0,0,4095,4095,4095,4095,4095,4095,4095,0,0,0,0,0,0,0,0,0,0,0,0,4095,4095,4095,4095,4095,4095,4095,4095,0,0,0,0,0,0,0,0,0,0,0,0,0,4095,4095,4095,4095,4095,4095,4095,4095,0,0,0,0,0,0,0,0,0,0,0,0,4095,4095,4095,4095,4095,4095,4095,4095,0,0,0,0,0,0,0,0,0,0,
0,0,511,4095,4095,4095,4095,4095,4095,4095,3457,0,0,0,0,0,0,0,0,0,0,0,0,4095,4095,4095,4095,4095,4095,4095,0,0,0,0,0,0,0,0,0,0,0,0,4095,4095,4095,4095,4095,4095,4095,4095,0,0,0,0,0,0,0,0,0,0,0,0,4095,4095,4095,4095,4095,4095,4095,4095,0,0,0,0,0,0,0,0,0,0,0,0,4095,4095,4095,4095,4095,4095,4095,4095,0,0,0,0,0,0,0,0,0,0,
0,0,0,4095,4095,4095,4095,4095,4095,4095,4095,0,0,0,0,0,0,0,0,0,0,0,0,4095,4095,4095,4095,4095,4095,4095,4095,0,0,0,0,0,0,0,0,0,0,0,0,4095,4095,4095,4095,4095,4095,4095,4095,0,0,0,0,0,0,0,0,0,0,0,0,0,4095,4095,4095,4095,4095,4095,4095,4095,0,0,0,0,0,0,0,0,0,0,0,0,4095,4095,4095,4095,4095,4095,4095,4095,0,0,0,0,0,0,0,0,
0,0,0,0,0,4095,4095,4095,4095,4095,4095,4095,4095,0,0,0,0,0,0,0,0,0,0,0,0,4095,4095,4095,4095,4095,4095,4095,4095,0,0,0,0,0,0,0,0,0,0,0,0,4095,4095,4095,4095,4095,4095,4095,4095,0,0,0,0,0,0,0,0,0,0,0,0,0,4095,4095,4095,4095,4095,4095,4095,4095,0,0,0,0,0,0,0,0,0,0,0,0,15,4095,4095,4095,4095,4095,4095,4095,3968,0,0,0,0,0,
0,0,0,0,0,0,0,4095,4095,4095,4095,4095,4095,4095,4095,0,0,0,0,0,0,0,0,0,0,0,0,4095,4095,4095,4095,4095,4095,4095,4095,0,0,0,0,0,0,0,0,0,0,0,0,4095,4095,4095,4095,4095,4095,4095,4095,4032,0,0,0,0,0,0,0,0,0,0,0,0,4095,4095,4095,4095,4095,4095,4095,4095,0,0,0,0,0,0,0,0,0,0,0,0,4095,4095,4095,4095,4095,4095,4095,4095,0,0,0,0,
0,0,0,0,0,0,0,0,0,4095,4095,4095,4095,4095,4095,4095,4095,0,0,0,0,0,0,0,0,0,0,0,0,1,4095,4095,4095,4095,4095,4095,4095,0,0,0,0,0,0,0,0,0,0,0,0,4095,4095,4095,4095,4095,4095,4095,4095,0,0,0,0,0,0,0,0,0,0,0,0,0,4095,4095,4095,4095,4095,4095,4095,4095,0,0,0,0,0,0,0,0,0,0,0,0,4095,4095,4095,4095,4095,4095,4095,4095,0,0,
0,0,0,0,0,0,0,0,0,0,0,4095,4095,4095,4095,4095,4095,4095,4095,0,0,0,0,0,0,0,0,0,0,0,0,4095,4095,4095,4095,4095,4095,4095,3429,0,0,0,0,0,0,0,0,0,0,0,0,4095,4095,4095,4095,4095,4095,4095,4095,0,0,0,0,0,0,0,0,0,0,0,0,4095,4095,4095,4095,4095,4095,4095,4095,0,0,0,0,0,0,0,0,0,0,0,0,0,4095,4095,4095,4095,4095,4095,4095,4095,
0,0,0,0,0,0,0,0,0,0,0,0,4095,4095,4095,4095,4095,4095,4095,4095,0,0,0,0,0,0,0,0,0,0,0,0,0,4095,4095,4095,4095,4095,4095,4095,0,0,0,0,0,0,0,0,0,0,0,0,63,4095,4095,4095,4095,4095,4095,4095,4094,0,0,0,0,0,0,0,0,0,0,0,0,4095,4095,4095,4095,4095,4095,4095,4095,0,0,0,0,0,0,0,0,0,0,0,0,0,4095,4095,4095,4095,4095,4095,
4095,4095,0,0,0,0,0,0,0,0,0,0,0,0,4095,4095,4095,4095,4095,4095,4095,4095,0,0,0,0,0,0,0,0,0,0,0,0,0,4095,4095,4095,4095,4095,4095,4095,0,0,0,0,0,0,0,0,0,0,0,0,4095,4095,4095,4095,4095,4095,4095,4095,0,0,0,0,0,0,0,0,0,0,0,0,0,4095,4095,4095,4095,4095,4095,4095,4095,0,0,0,0,0,0,0,0,0,0,0,0,4095,4095,4095,4095,4095,
4095,4095,4095,0,0,0,0,0,0,0,0,0,0,0,0,0,4095,4095,4095,4095,4095,4095,4095,4095,0,0,0,0,0,0,0,0,0,0,0,0,4095,4095,4095,4095,4095,4095,4095,0,0,0,0,0,0,0,0,0,0,0,0,0,4095,4095,4095,4095,4095,4095,4095,4095,0,0,0,0,0,0,0,0,0,0,0,0,4095,4095,4095,4095,4095,4095,4095,4095,0,0,0,0,0,0,0,0,0,0,0,0,0,4095,4095,4095,
4095,4095,4095,4095,4095,0,0,0,0,0,0,0,0,0,0,0,0,15,4095,4095,4095,4095,4095,4095,4095,0,0,0,0,0,0,0,0,0,0,0,0,0,4095,4095,4095,4095,4095,4095,4095,0,0,0,0,0,0,0,0,0,0,0,0,7,4095,4095,4095,4095,4095,4095,4095,4094,0,0,0,0,0,0,0,0,0,0,0,0,4095,4095,4095,4095,4095,4095,4095,4095,0,0,0,0,0,0,0,0,0,0,0,0,0,4095,
4095,4095,4095,4095,4095,4095,4095,0,0,0,0,0,0,0,0,0,0,0,0,255,4095,4095,4095,4095,4095,4095,4095,3840,0,0,0,0,0,0,0,0,0,0,0,0,4095,4095,4095,4095,4095,4095,4095,0,0,0,0,0,0,0,0,0,0,0,0,0,4095,4095,4095,4095,4095,4095,4095,4095,0,0,0,0,0,0,0,0,0,0,0,0,4095,4095,4095,4095,4095,4095,4095,4095,0,0,0,0,0,0,0,0,0,0,0,0,
0,4095,4095,4095,4095,4095,4095,4095,4095,0,0,0,0,0,0,0,0,0,0,0,0,1242,4095,4095,4095,4095,4095,4095,4095,3584,0,0,0,0,0,0,0,0,0,0,0,0,4095,4095,4095,4095,4095,4095,4095,0,0,0,0,0,0,0,0,0,0,0,0,0,4095,4095,4095,4095,4095,4095,4095,0,0,0,0,0,0,0,0,0,0,0,0,0,4095,4095,4095,4095,4095,4095,4095,0,0,0,0,0,0,0,0,0,0,0,
0,4095,4095,4095,4095,4095,4095,4095,4095,0,0,0,0,0,0,0,0,0,0,0,0,0,4095,4095,4095,4095,4095,4095,4095,0,0,0,0,0,0,0,0,0,0,0,0,0,4095,4095,4095,4095,4095,4095,4095,0,0,0,0,0,0,0,0,0,0,0,0,4095,4095,4095,4095,4095,4095,4095,4094,0,0,0,0,0,0,0,0,0,0,0,0,4095,4095,4095,4095,4095,4095,4095,4095,0,0,0,0,0,0,0,0,0,0,0,
0,4095,4095,4095,4095,4095,4095,4095,4095,0,0,0,0,0,0,0,0,0,0,0,0,0,4095,4095,4095,4095,4095,4095,4095,3840,0,0,0,0,0,0,0,0,0,0,0,0,4095,4095,4095,4095,4095,4095,4095,0,0,0,0,0,0,0,0,0,0,0,0,0,4095,4095,4095,4095,4095,4095,4095,4095,0,0,0,0,0,0,0,0,0,0,0,0,4095,4095,4095,4095,4095,4095,4095,4095,0,0,0,0,0,0,0,0,0,0,
0,0,0,4095,4095,4095,4095,4095,4095,4095,4095,0,0,0,0,0,0,0,0,0,0,0,0,4095,4095,4095,4095,4095,4095,4095,4095,0,0,0,0,0,0,0,0,0,0,0,0,0,4095,4095,4095,4095,4095,4095,4095,0,0,0,0,0,0,0,0,0,0,0,0,0,4095,4095,4095,4095,4095,4095,4095,4080,0,0,0,0,0,0,0,0,0,0,0,0,4095,4095,4095,4095,4095,4095,4095,4095,0,0,0,0,0,0,0,0,
0,0,0,0,31,4095,4095,4095,4095,4095,4095,4095,4032,0,0,0,0,0,0,0,0,0,0,0,0,4095,4095,4095,4095,4095,4095,4095,4095,0,0,0,0,0,0,0,0,0,0,0,0,4095,4095,4095,4095,4095,4095,4095,0,0,0,0,0,0,0,0,0,0,0,0,7,4095,4095,4095,4095,4095,4095,4095,3584,0,0,0,0,0,0,0,0,0,0,0,0,4095,4095,4095,4095,4095,4095,4095,3840,0,0,0,0,0,0,0,
0,0,0,0,0,4095,4095,4095,4095,4095,4095,4095,4095,0,0,0,0,0,0,0,0,0,0,0,0,4095,4095,4095,4095,4095,4095,4095,4095,0,0,0,0,0,0,0,0,0,0,0,0,0,4095,4095,4095,4095,4095,4095,4095,0,0,0,0,0,0,0,0,0,0,0,0,4095,4095,4095,4095,4095,4095,4095,4095,0,0,0,0,0,0,0,0,0,0,0,0,0,4095,4095,4095,4095,4095,4095,4095,4095,0,0,0,0,0,0,
0,0,0,0,0,0,4095,4095,4095,4095,4095,4095,4095,4095,0,0,0,0,0,0,0,0,0,0,0,0,0,4095,4095,4095,4095,4095,4095,4095,4095,0,0,0,0,0,0,0,0,0,0,0,0,4095,4095,4095,4095,4095,4095,4095,3472,0,0,0,0,0,0,0,0,0,0,0,0,4095,4095,4095,4095,4095,4095,4095,4095,0,0,0,0,0,0,0,0,0,0,0,0,31,4095,4095,4095,4095,4095,4095,4095,4064,0,0,0,0,
0,0,0,0,0,0,0,0,4095,4095,4095,4095,4095,4095,4095,4095,0,0,0,0,0,0,0,0,0,0,0,0,7,4095,4095,4095,4095,4095,4095,4095,4080,0,0,0,0,0,0,0,0,0,0,0,0,4095,4095,4095,4095,4095,4095,4095,0,0,0,0,0,0,0,0,0,0,0,0,0,4095,4095,4095,4095,4095,4095,4095,4095,0,0,0,0,0,0,0,0,0,0,0,0,1201,4095,4095,4095,4095,4095,4095,4095,0,0,0,
0,0,0,0,0,0,0,0,0,0,4095,4095,4095,4095,4095,4095,4095,4095,0,0,0,0,0,0,0,0,0,0,0,0,4095,4095,4095,4095,4095,4095,4095,4095,0,0,0,0,0,0,0,0,0,0,0,0,0,4095,4095,4095,4095,4095,4095,4095,0,0,0,0,0,0,0,0,0,0,0,0,0,4095,4095,4095,4095,4095,4095,4095,4095,0,0,0,0,0,0,0,0,0,0,0,0,4095,4095,4095,4095,4095,4095,4095,4095,0,
0,0,0,0,0,0,0,0,0,0,0,0,4095,4095,4095,4095,4095,4095,4095,4095,0,0,0,0,0,0,0,0,0,0,0,0,4095,4095,4095,4095,4095,4095,4095,4095,0,0,0,0,0,0,0,0,0,0,0,0,0,4095,4095,4095,4095,4095,4095,4095,0,0,0,0,0,0,0,0,0,0,0,0,1243,4095,4095,4095,4095,4095,4095,4095,4064,0,0,0,0,0,0,0,0,0,0,0,0,4095,4095,4095,4095,4095,4095,4095,
4095,0,0,0,0,0,0,0,0,0,0,0,0,0,4095,4095,4095,4095,4095,4095,4095,4080,0,0,0,0,0,0,0,0,0,0,0,0,4095,4095,4095,4095,4095,4095,4095,4095,0,0,0,0,0,0,0,0,0,0,0,0,0,4095,4095,4095,4095,4095,4095,4095,0,0,0,0,0,0,0,0,0,0,0,0,4095,4095,4095,4095,4095,4095,4095,4095,0,0,0,0,0,0,0,0,0,0,0,0,0,4095,4095,4095,4095,4095,
4095,4095,4095,0,0,0,0,0,0,0,0,0,0,0,0,127,4095,4095,4095,4095,4095,4095,4095,4064,0,0,0,0,0,0,0,0,0,0,0,0,4095,4095,4095,4095,4095,4095,4095,4095,0,0,0,0,0,0,0,0,0,0,0,0,1246,4095,4095,4095,4095,4095,4095,4095,0,0,0,0,0,0,0,0,0,0,0,0,4095,4095,4095,4095,4095,4095,4095,4095,0,0,0,0,0,0,0,0,0,0,0,0,0,4095,4095,4095,
4095,4095,4095,4095,4095,0,0,0,0,0,0,0,0,0,0,0,0,4095,4095,4095,4095,4095,4095,4095,4095,0,0,0,0,0,0,0,0,0,0,0,0,0,4095,4095,4095,4095,4095,4095,4095,4095,0,0,0,0,0,0,0,0,0,0,0,0,15,4095,4095,4095,4095,4095,4095,4095,0,0,0,0,0,0,0,0,0,0,0,0,3,4095,4095,4095,4095,4095,4095,4095,3840,0,0,0,0,0,0,0,0,0,0,0,0,4095,
4095,4095,4095,4095,4095,4095,4095,0,0,0,0,0,0,0,0,0,0,0,0,3,4095,4095,4095,4095,4095,4095,4095,4032,0,0,0,0,0,0,0,0,0,0,0,0,4095,4095,4095,4095,4095,4095,4095,4095,0,0,0,0,0,0,0,0,0,0,0,0,255,4095,4095,4095,4095,4095,4095,4095,0,0,0,0,0,0,0,0,0,0,0,0,255,4095,4095,4095,4095,4095,4095,4095,4064,0,0,0,0,0,0,0,0,0,0,0,
0,4095,4095,4095,4095,4095,4095,4095,4095,0,0,0,0,0,0,0,0,0,0,0,0,1232,4095,4095,4095,4095,4095,4095,4095,0,0,0,0,0,0,0,0,0,0,0,0,0,4095,4095,4095,4095,4095,4095,4095,4095,0,0,0,0,0,0,0,0,0,0,0,0,4095,4095,4095,4095,4095,4095,4095,0,0,0,0,0,0,0,0,0,0,0,0,0,4095,4095,4095,4095,4095,4095,4095,4095,0,0,0,0,0,0,0,0,0,0,
0,0,4095,4095,4095,4095,4095,4095,4095,4095,0,0,0,0,0,0,0,0,0,0,0,0,7,4095,4095,4095,4095,4095,4095,4095,4064,0,0,0,0,0,0,0,0,0,0,0,0,4095,4095,4095,4095,4095,4095,4095,4095,0,0,0,0,0,0,0,0,0,0,0,0,511,4095,4095,4095,4095,4095,4095,4095,0,0,0,0,0,0,0,0,0,0,0,0,4095,4095,4095,4095,4095,4095,4095,4095,0,0,0,0,0,0,0,0,0,
0,0,0,4095,4095,4095,4095,4095,4095,4095,4095,0,0,0,0,0,0,0,0,0,0,0,0,4095,4095,4095,4095,4095,4095,4095,4095,0,0,0,0,0,0,0,0,0,0,0,0,4095,4095,4095,4095,4095,4095,4095,4095,0,0,0,0,0,0,0,0,0,0,0,0,4095,4095,4095,4095,4095,4095,4095,0,0,0,0,0,0,0,0,0,0,0,0,4095,4095,4095,4095,4095,4095,4095,4064,0,0,0,0,0,0,0,0,0,0,
0,0,4095,4095,4095,4095,4095,4095,4095,4095,0,0,0,0,0,0,0,0,0,0,0,0,4095,4095,4095,4095,4095,4095,4095,4095,0,0,0,0,0,0,0,0,0,0,0,0,0,4095,4095,4095,4095,4095,4095,4095,4095,0,0,0,0,0,0,0,0,0,0,0,0,4095,4095,4095,4095,4095,4095,4095,0,0,0,0,0,0,0,0,0,0,0,0,0,4095,4095,4095,4095,4095,4095,4095,4095,0,0,0,0,0,0,0,0,0,
0,0,0,1023,4095,4095,4095,4095,4095,4095,4095,4064,0,0,0,0,0,0,0,0,0,0,0,0,4095,4095,4095,4095,4095,4095,4095,4095,0,0,0,0,0,0,0,0,0,0,0,0,63,4095,4095,4095,4095,4095,4095,4095,3446,0,0,0,0,0,0,0,0,0,0,0,0,4095,4095,4095,4095,4095,4095,4095,0,0,0,0,0,0,0,0,0,0,0,0,0,4095,4095,4095,4095,4095,4095,4095,4095,0,0,0,0,0,0,0,
0,0,0,0,0,4095,4095,4095,4095,4095,4095,4095,4095,0,0,0,0,0,0,0,0,0,0,0,0,0,4095,4095,4095,4095,4095,4095,4095,4095,0,0,0,0,0,0,0,0,0,0,0,0,1230,4095,4095,4095,4095,4095,4095,4095,3840,0,0,0,0,0,0,0,0,0,0,0,0,4095,4095,4095,4095,4095,4095,4095,0,0,0,0,0,0,0,0,0,0,0,0,4095,4095,4095,4095,4095,4095,4095,4095,0,0,0,0,0,0,
0,0,0,0,0,0,4095,4095,4095,4095,4095,4095,4095,4095,0,0,0,0,0,0,0,0,0,0,0,0,127,4095,4095,4095,4095,4095,4095,4095,3968,0,0,0,0,0,0,0,0,0,0,0,0,4095,4095,4095,4095,4095,4095,4095,4095,0,0,0,0,0,0,0,0,0,0,0,0,63,4095,4095,4095,4095,4095,4095,4095,0,0,0,0,0,0,0,0,0,0,0,0,4095,4095,4095,4095,4095,4095,4095,4095,0,0,0,0,0,
0,0,0,0,0,0,0,0,4095,4095,4095,4095,4095,4095,4095,4095,0,0,0,0,0,0,0,0,0,0,0,0,4095,4095,4095,4095,4095,4095,4095,4095,0,0,0,0,0,0,0,0,0,0,0,0,0,4095,4095,4095,4095,4095,4095,4095,4095,0,0,0,0,0,0,0,0,0,0,0,0,4095,4095,4095,4095,4095,4095,4095,4095,0,0,0,0,0,0,0,0,0,0,0,0,4095,4095,4095,4095,4095,4095,4095,4095,0,0,0,
0,0,0,0,0,0,0,0,0,0,4095,4095,4095,4095,4095,4095,4095,4095,0,0,0,0,0,0,0,0,0,0,0,0,4095,4095,4095,4095,4095,4095,4095,4095,0,0,0,0,0,0,0,0,0,0,0,0,0,4095,4095,4095,4095,4095,4095,4095,4095,0,0,0,0,0,0,0,0,0,0,0,0,4095,4095,4095,4095,4095,4095,4095,3468,0,0,0,0,0,0,0,0,0,0,0,0,4095,4095,4095,4095,4095,4095,4095,4095,0,
0,0,0,0,0,0,0,0,0,0,0,4095,4095,4095,4095,4095,4095,4095,4095,0,0,0,0,0,0,0,0,0,0,0,0,0,4095,4095,4095,4095,4095,4095,4095,4095,0,0,0,0,0,0,0,0,0,0,0,0,31,4095,4095,4095,4095,4095,4095,4095,4064,0,0,0,0,0,0,0,0,0,0,0,0,4095,4095,4095,4095,4095,4095,4095,0,0,0,0,0,0,0,0,0,0,0,0,255,4095,4095,4095,4095,4095,4095,4095,
4080,0,0,0,0,0,0,0,0,0,0,0,0,4095,4095,4095,4095,4095,4095,4095,4095,0,0,0,0,0,0,0,0,0,0,0,0,15,4095,4095,4095,4095,4095,4095,4095,4064,0,0,0,0,0,0,0,0,0,0,0,0,4095,4095,4095,4095,4095,4095,4095,4095,0,0,0,0,0,0,0,0,0,0,0,0,4095,4095,4095,4095,4095,4095,4095,4095,0,0,0,0,0,0,0,0,0,0,0,0,127,4095,4095,4095,4095,4095,
4095,4095,0,0,0,0,0,0,0,0,0,0,0,0,0,4095,4095,4095,4095,4095,4095,4095,4095,0,0,0,0,0,0,0,0,0,0,0,0,4095,4095,4095,4095,4095,4095,4095,4095,0,0,0,0,0,0,0,0,0,0,0,0,0,4095,4095,4095,4095,4095,4095,4095,4095,0,0,0,0,0,0,0,0,0,0,0,0,4095,4095,4095,4095,4095,4095,4095,3430,0,0,0,0,0,0,0,0,0,0,0,0,4095,4095,4095,4095,
4095,4095,4095,4095,0,0,0,0,0,0,0,0,0,0,0,0,4095,4095,4095,4095,4095,4095,4095,4095,0,0,0,0,0,0,0,0,0,0,0,0,0,4095,4095,4095,4095,4095,4095,4095,3968,0,0,0,0,0,0,0,0,0,0,0,0,4095,4095,4095,4095,4095,4095,4095,4095,0,0,0,0,0,0,0,0,0,0,0,0,1023,4095,4095,4095,4095,4095,4095,4095,0,0,0,0,0,0,0,0,0,0,0,0,4095,4095,4095,
4095,4095,4095,4095,4095,0,0,0,0,0,0,0,0,0,0,0,0,0,4095,4095,4095,4095,4095,4095,4095,4095,0,0,0,0,0,0,0,0,0,0,0,0,4095,4095,4095,4095,4095,4095,4095,4095,0,0,0,0,0,0,0,0,0,0,0,0,0,4095,4095,4095,4095,4095,4095,4095,4095,0,0,0,0,0,0,0,0,0,0,0,0,4095,4095,4095,4095,4095,4095,4095,4095,0,0,0,0,0,0,0,0,0,0,0,0,4095,
4095,4095,4095,4095,4095,4095,4095,0,0,0,0,0,0,0,0,0,0,0,0,0,4095,4095,4095,4095,4095,4095,4095,4095,0,0,0,0,0,0,0,0,0,0,0,0,1023,4095,4095,4095,4095,4095,4095,4095,0,0,0,0,0,0,0,0,0,0,0,0,0,4095,4095,4095,4095,4095,4095,4095,4095,0,0,0,0,0,0,0,0,0,0,0,0,4095,4095,4095,4095,4095,4095,4095,4095,0,0,0,0,0,0,0,0,0,0,0,
0,4095,4095,4095,4095,4095,4095,4095,4095,0,0,0,0,0,0,0,0,0,0,0,0,0,4095,4095,4095,4095,4095,4095,4095,4095,0,0,0,0,0,0,0,0,0,0,0,0,4095,4095,4095,4095,4095,4095,4095,4095,0,0,0,0,0,0,0,0,0,0,0,0,0,4095,4095,4095,4095,4095,4095,4095,4095,0,0,0,0,0,0,0,0,0,0,0,0,4095,4095,4095,4095,4095,4095,4095,4095,0,0,0,0,0,0,0,0,0,
0,0,0,4095,4095,4095,4095,4095,4095,4095,4095,0,0,0,0,0,0,0,0,0,0,0,0,0,4095,4095,4095,4095,4095,4095,4095,4095,0,0,0,0,0,0,0,0,0,0,0,0,3,4095,4095,4095,4095,4095,4095,4095,4064,0,0,0,0,0,0,0,0,0,0,0,0,4095,4095,4095,4095,4095,4095,4095,4095,0,0,0,0,0,0,0,0,0,0,0,0,4095,4095,4095,4095,4095,4095,4095,4095,0,0,0,0,0,0,0,
0,0,0,0,0,4095,4095,4095,4095,4095,4095,4095,4095,0,0,0,0,0,0,0,0,0,0,0,0,4095,4095,4095,4095,4095,4095,4095,4095,0,0,0,0,0,0,0,0,0,0,0,0,4095,4095,4095,4095,4095,4095,4095,4095,0,0,0,0,0,0,0,0,0,0,0,0,4095,4095,4095,4095,4095,4095,4095,4095,0,0,0,0,0,0,0,0,0,0,0,0,4095,4095,4095,4095,4095,4095,4095,0,0,0,0,0,0,0,0,
0,0,0,0,4095,4095,4095,4095,4095,4095,4095,4095,0,0,0,0,0,0,0,0,0,0,0,0,4095,4095,4095,4095,4095,4095,4095,4095,0,0,0,0,0,0,0,0,0,0,0,0,127,4095,4095,4095,4095,4095,4095,4095,3968,0,0,0,0,0,0,0,0,0,0,0,0,4095,4095,4095,4095,4095,4095,4095,4095,0,0,0,0,0,0,0,0,0,0,0,0,127,4095,4095,4095,4095,4095,4095,4095,0,0,0,0,0,0,0,
0,0,0,0,0,4095,4095,4095,4095,4095,4095,4095,4095,4080,0,0,0,0,0,0,0,0,0,0,0,0,4095,4095,4095,4095,4095,4095,4095,4095,0,0,0,0,0,0,0,0,0,0,0,0,0,4095,4095,4095,4095,4095,4095,4095,4095,0,0,0,0,0,0,0,0,0,0,0,0,4095,4095,4095,4095,4095,4095,4095,4095,0,0,0,0,0,0,0,0,0,0,0,0,0,4095,4095,4095,4095,4095,4095,4095,0,0,0,0,0,
0,0,0,0,0,0,0,4095,4095,4095,4095,4095,4095,4095,4095,0,0,0,0,0,0,0,0,0,0,0,0,0,4095,4095,4095,4095,4095,4095,4095,4095,0,0,0,0,0,0,0,0,0,0,0,0,4095,4095,4095,4095,4095,4095,4095,4095,0,0,0,0,0,0,0,0,0,0,0,0,0,4095,4095,4095,4095,4095,4095,4095,4095,0,0,0,0,0,0,0,0,0,0,0,0,4095,4095,4095,4095,4095,4095,4095,0,0,0,0,
0,0,0,0,0,0,0,0,4095,4095,4095,4095,4095,4095,4095,4095,0,0,0,0,0,0,0,0,0,0,0,0,0,4095,4095,4095,4095,4095,4095,4095,0,0,0,0,0,0,0,0,0,0,0,0,0,4095,4095,4095,4095,4095,4095,4095,4095,0,0,0,0,0,0,0,0,0,0,0,0,4095,4095,4095,4095,4095,4095,4095,4095,0,0,0,0,0,0,0,0,0,0,0,0,0,4095,4095,4095,4095,4095,4095,4095,0,0,0,
0,0,0,0,0,0,0,0,0,1241,4095,4095,4095,4095,4095,4095,4095,0,0,0,0,0,0,0,0,0,0,0,0,0,4095,4095,4095,4095,4095,4095,4095,4095,0,0,0,0,0,0,0,0,0,0,0,0,4095,4095,4095,4095,4095,4095,4095,4095,0,0,0,0,0,0,0,0,0,0,0,0,0,4095,4095,4095,4095,4095,4095,4095,4095,0,0,0,0,0,0,0,0,0,0,0,0,4095,4095,4095,4095,4095,4095,4095,0,0,
0,0,0,0,0,0,0,0,0,0,0,4095,4095,4095,4095,4095,4095,4095,4095,0,0,0,0,0,0,0,0,0,0,0,0,4095,4095,4095,4095,4095,4095,4095,4095,0,0,0,0,0,0,0,0,0,0,0,0,0,4095,4095,4095,4095,4095,4095,4095,4095,0,0,0,0,0,0,0,0,0,0,0,0,4095,4095,4095,4095,4095,4095,4095,4095,0,0,0,0,0,0,0,0,0,0,0,0,0,4095,4095,4095,4095,4095,4095,4095,
0,0,0,0,0,0,0,0,0,0,0,0,0,4095,4095,4095,4095,4095,4095,4095,4095,0,0,0,0,0,0,0,0,0,0,0,0,4095,4095,4095,4095,4095,4095,4095,4095,0,0,0,0,0,0,0,0,0,0,0,0,0,4095,4095,4095,4095,4095,4095,4095,4095,0,0,0,0,0,0,0,0,0,0,0,0,4095,4095,4095,4095,4095,4095,4095,4095,0,0,0,0,0,0,0,0,0,0,0,0,31,4095,4095,4095,4095,4095,
4095,4095,0,0,0,0,0,0,0,0,0,0,0,0,4095,4095,4095,4095,4095,4095,4095,4095,0,0,0,0,0,0,0,0,0,0,0,0,0,4095,4095,4095,4095,4095,4095,4095,4095,0,0,0,0,0,0,0,0,0,0,0,0,4095,4095,4095,4095,4095,4095,4095,4095,0,0,0,0,0,0,0,0,0,0,0,0,0,4095,4095,4095,4095,4095,4095,4095,4095,0,0,0,0,0,0,0,0,0,0,0,0,4095,4095,4095,4095,
4095,4095,4095,4064,0,0,0,0,0,0,0,0,0,0,0,0,4095,4095,4095,4095,4095,4095,4095,4095,0,0,0,0,0,0,0,0,0,0,0,0,1023,4095,4095,4095,4095,4095,4095,4095,3968,0,0,0,0,0,0,0,0,0,0,0,0,4095,4095,4095,4095,4095,4095,4095,4095,0,0,0,0,0,0,0,0,0,0,0,0,1251,4095,4095,4095,4095,4095,4095,4095,0,0,0,0,0,0,0,0,0,0,0,0,0,4095,4095,
4095,4095,4095,4095,4095,0,0,0,0,0,0,0,0,0,0,0,0,1199,4095,4095,4095,4095,4095,4095,4095,3968,0,0,0,0,0,0,0,0,0,0,0,0,4095,4095,4095,4095,4095,4095,4095,4095,0,0,0,0,0,0,0,0,0,0,0,0,255,4095,4095,4095,4095,4095,4095,4095,3584,0,0,0,0,0,0,0,0,0,0,0,0,4095,4095,4095,4095,4095,4095,4095,4095,0,0,0,0,0,0,0,0,0,0,0,0,4095,
4095,4095,4095,4095,4095,4095,4095,0,0,0,0,0,0,0,0,0,0,0,0,4095,4095,4095,4095,4095,4095,4095,4095,4032,0,0,0,0,0,0,0,0,0,0,0,0,4095,4095,4095,4095,4095,4095,4095,4095,0,0,0,0,0,0,0,0,0,0,0,0,0,4095,4095,4095,4095,4095,4095,4095,4094,0,0,0,0,0,0,0,0,0,0,0,0,4095,4095,4095,4095,4095,4095,4095,4095,0,0,0,0,0,0,0,0,0,0,0,
0,1245,4095,4095,4095,4095,4095,4095,4095,0,0,0,0,0,0,0,0,0,0,0,0,4095,4095,4095,4095,4095,4095,4095,4095,0,0,0,0,0,0,0,0,0,0,0,0,0,4095,4095,4095,4095,4095,4095,4095,4095,0,0,0,0,0,0,0,0,0,0,0,0,4095,4095,4095,4095,4095,4095,4095,4095,0,0,0,0,0,0,0,0,0,0,0,0,0,4095,4095,4095,4095,4095,4095,4095,4095,0,0,0,0,0,0,0,0,0,
0,0,0,4095,4095,4095,4095,4095,4095,4095,3431,0,0,0,0,0,0,0,0,0,0,0,0,4095,4095,4095,4095,4095,4095,4095,4095,0,0,0,0,0,0,0,0,0,0,0,0,4095,4095,4095,4095,4095,4095,4095,4095,0,0,0,0,0,0,0,0,0,0,0,0,0,4095,4095,4095,4095,4095,4095,4095,4095,0,0,0,0,0,0,0,0,0,0,0,0,4095,4095,4095,4095,4095,4095,4095,4095,0,0,0,0,0,0,0,0,
0,0,0,0,0,4095,4095,4095,4095,4095,4095,4095,0,0,0,0,0,0,0,0,0,0,0,0,0,4095,4095,4095,4095,4095,4095,4095,4095,0,0,0,0,0,0,0,0,0,0,0,0,4095,4095,4095,4095,4095,4095,4095,4095,0,0,0,0,0,0,0,0,0,0,0,0,0,4095,4095,4095,4095,4095,4095,4095,4095,0,0,0,0,0,0,0,0,0,0,0,0,4095,4095,4095,4095,4095,4095,4095,4095,0,0,0,0,0,0,
0,0,0,0,0,0,0,4095,4095,4095,4095,4095,4095,4095,0,0,0,0,0,0,0,0,0,0,0,0,4095,4095,4095,4095,4095,4095,4095,4095,0,0,0,0,0,0,0,0,0,0,0,0,4095,4095,4095,4095,4095,4095,4095,4095,0,0,0,0,0,0,0,0,0,0,0,0,4095,4095,4095,4095,4095,4095,4095,4095,0,0,0,0,0,0,0,0,0,0,0,0,4095,4095,4095,4095,4095,4095,4095,4095,0,0,0,0,0,0,
0,0,0,0,0,0,4095,4095,4095,4095,4095,4095,4095,0,0,0,0,0,0,0,0,0,0,0,0,4095,4095,4095,4095,4095,4095,4095,4095,0,0,0,0,0,0,0,0,0,0,0,0,4095,4095,4095,4095,4095,4095,4095,4095,0,0,0,0,0,0,0,0,0,0,0,0,4095,4095,4095,4095,4095,4095,4095,4095,0,0,0,0,0,0,0,0,0,0,0,0,0,4095,4095,4095,4095,4095,4095,4095,4095,0,0,0,0,0,0,
0,0,0,0,0,0,0,4095,4095,4095,4095,4095,4095,4095,0,0,0,0,0,0,0,0,0,0,0,0,4095,4095,4095,4095,4095,4095,4095,4095,0,0,0,0,0,0,0,0,0,0,0,0,0,4095,4095,4095,4095,4095,4095,4095,4095,0,0,0,0,0,0,0,0,0,0,0,0,4095,4095,4095,4095,4095,4095,4095,4095,0,0,0,0,0,0,0,0,0,0,0,0,0,4095,4095,4095,4095,4095,4095,4095,4095,0,0,0,0,
0,0,0,0,0,0,0,0,4095,4095,4095,4095,4095,4095,4095,4095,0,0,0,0,0,0,0,0,0,0,0,0,4095,4095,4095,4095,4095,4095,4095,4095,0,0,0,0,0,0,0,0,0,0,0,0,0,4095,4095,4095,4095,4095,4095,4095,4095,0,0,0,0,0,0,0,0,0,0,0,0,4095,4095,4095,4095,4095,4095,4095,4095,0,0,0,0,0,0,0,0,0,0,0,0,0,4095,4095,4095,4095,4095,4095,4095,4095,0,0,
0,0,0,0,0,0,0,0,0,0,4095,4095,4095,4095,4095,4095,4095,0,0,0,0,0,0,0,0,0,0,0,0,127,4095,4095,4095,4095,4095,4095,4095,0,0,0,0,0,0,0,0,0,0,0,0,0,4095,4095,4095,4095,4095,4095,4095,0,0,0,0,0,0,0,0,0,0,0,0,0,4095,4095,4095,4095,4095,4095,4095,4095,0,0,0,0,0,0,0,0,0,0,0,0,4095,4095,4095,4095,4095,4095,4095,4095,0,0,
0,0,0,0,0,0,0,0,0,0,0,4095,4095,4095,4095,4095,4095,4095,0,0,0,0,0,0,0,0,0,0,0,0,4095,4095,4095,4095,4095,4095,4095,4095,0,0,0,0,0,0,0,0,0,0,0,0,0,4095,4095,4095,4095,4095,4095,4095,4095,0,0,0,0,0,0,0,0,0,0,0,0,4095,4095,4095,4095,4095,4095,4095,4095,0,0,0,0,0,0,0,0,0,0,0,0,0,4095,4095,4095,4095,4095,4095,4095,4095,
0,0,0,0,0,0,0,0,0,0,0,0,4095,4095,4095,4095,4095,4095,4095,4095,0,0,0,0,0,0,0,0,0,0,0,0,4095,4095,4095,4095,4095,4095,4095,4095,0,0,0,0,0,0,0,0,0,0,0,0,0,4095,4095,4095,4095,4095,4095,4095,4095,0,0,0,0,0,0,0,0,0,0,0,0,4095,4095,4095,4095,4095,4095,4095,4095,0,0,0,0,0,0,0,0,0,0,0,0,4095,4095,4095,4095,4095,4095,4095,
4095,0,0,0,0,0,0,0,0,0,0,0,0,0,4095,4095,4095,4095,4095,4095,4095,0,0,0,0,0,0,0,0,0,0,0,0,0,4095,4095,4095,4095,4095,4095,4095,4095,0,0,0,0,0,0,0,0,0,0,0,0,4095,4095,4095,4095,4095,4095,4095,4095,0,0,0,0,0,0,0,0,0,0,0,0,0,4095,4095,4095,4095,4095,4095,4095,4095,0,0,0,0,0,0,0,0,0,0,0,0,1246,4095,4095,4095,4095,
4095,4095,4095,3479,0,0,0,0,0,0,0,0,0,0,0,0,4095,4095,4095,4095,4095,4095,4095,0,0,0,0,0,0,0,0,0,0,0,0,4095,4095,4095,4095,4095,4095,4095,4095,0,0,0,0,0,0,0,0,0,0,0,0,0,4095,4095,4095,4095,4095,4095,4095,4095,0,0,0,0,0,0,0,0,0,0,0,0,4095,4095,4095,4095,4095,4095,4095,4095,0,0,0,0,0,0,0,0,0,0,0,0,0,4095,4095,4095,
4095,4095,4095,4095,4095,0,0,0,0,0,0,0,0,0,0,0,0,4095,4095,4095,4095,4095,4095,4095,4095,0,0,0,0,0,0,0,0,0,0,0,0,1242,4095,4095,4095,4095,4095,4095,4095,0,0,0,0,0,0,0,0,0,0,0,0,0,4095,4095,4095,4095,4095,4095,4095,4095,0,0,0,0,0,0,0,0,0,0,0,0,127,4095,4095,4095,4095,4095,4095,4095,4080,0,0,0,0,0,0,0,0,0,0,0,0,4095,
4095,4095,4095,4095,4095,4095,4095,0,0,0,0,0,0,0,0,0,0,0,0,1023,4095,4095,4095,4095,4095,4095,4095,0,0,0,0,0,0,0,0,0,0,0,0,4095,4095,4095,4095,4095,4095,4095,4095,0,0,0,0,0,0,0,0,0,0,0,0,0,4095,4095,4095,4095,4095,4095,4095,4095,0,0,0,0,0,0,0,0,0,0,0,0,4095,4095,4095,4095,4095,4095,4095,4095,0,0,0,0,0,0,0,0,0,0,0,0,
0,4095,4095,4095,4095,4095,4095,4095,4095,0,0,0,0,0,0,0,0,0,0,0,0,4095,4095,4095,4095,4095,4095,4095,0,0,0,0,0,0,0,0,0,0,0,0,0,4095,4095,4095,4095,4095,4095,4095,4095,0,0,0,0,0,0,0,0,0,0,0,0,4095,4095,4095,4095,4095,4095,4095,4095,0,0,0,0,0,0,0,0,0,0,0,0,0,4095,4095,4095,4095,4095,4095,4095,4095,0,0,0,0,0,0,0,0,0,0,
0,0,4095,4095,4095,4095,4095,4095,4095,4095,0,0,0,0,0,0,0,0,0,0,0,0,0,4095,4095,4095,4095,4095,4095,4095,0,0,0,0,0,0,0,0,0,0,0,0,31,4095,4095,4095,4095,4095,4095,4095,3840,0,0,0,0,0,0,0,0,0,0,0,0,4095,4095,4095,4095,4095,4095,4095,4095,0,0,0,0,0,0,0,0,0,0,0,0,1200,4095,4095,4095,4095,4095,4095,4095,4088,0,0,0,0,0,0,0,0,
0,0,0,0,4095,4095,4095,4095,4095,4095,4095,4095,0,0,0,0,0,0,0,0,0,0,0,0,0,4095,4095,4095,4095,4095,4095,4095,0,0,0,0,0,0,0,0,0,0,0,0,1,4095,4095,4095,4095,4095,4095,4095,4095,0,0,0,0,0,0,0,0,0,0,0,0,4095,4095,4095,4095,4095,4095,4095,4095,0,0,0,0,0,0,0,0,0,0,0,0,1,4095,4095,4095,4095,4095,4095,4095,4095,0,0,0,0,0,0,
0,0,0,0,0,0,4095,4095,4095,4095,4095,4095,4095,4095,0,0,0,0,0,0,0,0,0,0,0,0,0,4095,4095,4095,4095,4095,4095,4095,0,0,0,0,0,0,0,0,0,0,0,0,4095,4095,4095,4095,4095,4095,4095,4095,0,0,0,0,0,0,0,0,0,0,0,0,0,4095,4095,4095,4095,4095,4095,4095,4095,0,0,0,0,0,0,0,0,0,0,0,0,4095,4095,4095,4095,4095,4095,4095,4095,0,0,0,0,0,
0,0,0,0,0,0,0,0,4095,4095,4095,4095,4095,4095,4095,4095,0,0,0,0,0,0,0,0,0,0,0,0,4095,4095,4095,4095,4095,4095,4095,3423,0,0,0,0,0,0,0,0,0,0,0,0,4095,4095,4095,4095,4095,4095,4095,4064,0,0,0,0,0,0,0,0,0,0,0,0,4095,4095,4095,4095,4095,4095,4095,3470,0,0,0,0,0,0,0,0,0,0,0,4095,4095,4095,4095,4095,4095,4095,4095,0,0,0,0,0,
0,0,0,0,0,0,0,127,4095,4095,4095,4095,4095,4095,4095,0,0,0,0,0,0,0,0,0,0,0,0,4095,4095,4095,4095,4095,4095,4095,0,0,0,0,0,0,0,0,0,0,0,0,4095,4095,4095,4095,4095,4095,4095,4095,0,0,0,0,0,0,0,0,0,0,0,0,4095,4095,4095,4095,4095,4095,4095,4095,0,0,0,0,0,0,0,0,0,0,0,0,0,4095,4095,4095,4095,4095,4095,4095,4095,0,0,0,0,0,
0,0,0,0,0,0,0,4095,4095,4095,4095,4095,4095,4095,4095,0,0,0,0,0,0,0,0,0,0,0,0,0,4095,4095,4095,4095,4095,4095,4095,0,0,0,0,0,0,0,0,0,0,0,0,1189,4095,4095,4095,4095,4095,4095,4095,46,0,0,0,0,0,0,0,0,0,0,0,0,4095,4095,4095,4095,4095,4095,4095,4095,0,0,0,0,0,0,0,0,0,0,0,0,31,4095,4095,4095,4095,4095,4095,4095,3968,0,0,0,
0,0,0,0,0,0,0,0,0,4095,4095,4095,4095,4095,4095,4095,4095,0,0,0,0,0,0,0,0,0,0,0,0,0,4095,4095,4095,4095,4095,4095,4095,0,0,0,0,0,0,0,0,0,0,0,0,4095,4095,4095,4095,4095,4095,4095,4095,0,0,0,0,0,0,0,0,0,0,0,0,0,4095,4095,4095,4095,4095,4095,4095,4095,0,0,0,0,0,0,0,0,0,0,0,0,1023,4095,4095,4095,4095,4095,4095,4095,3840,0,
0,0,0,0,0,0,0,0,0,0,0,4095,4095,4095,4095,4095,4095,4095,4095,0,0,0,0,0,0,0,0,0,0,0,0,4095,4095,4095,4095,4095,4095,4095,3446,0,0,0,0,0,0,0,0,0,0,0,0,4095,4095,4095,4095,4095,4095,4095,4095,0,0,0,0,0,0,0,0,0,0,0,0,4095,4095,4095,4095,4095,4095,4095,4095,0,0,0,0,0,0,0,0,0,0,0,0,4095,4095,4095,4095,4095,4095,4095,4095,0,
0,0,0,0,0,0,0,0,0,0,0,4095,4095,4095,4095,4095,4095,4095,4095,0,0,0,0,0,0,0,0,0,0,0,0,0,4095,4095,4095,4095,4095,4095,4095,0,0,0,0,0,0,0,0,0,0,0,0,0,4095,4095,4095,4095,4095,4095,4095,4095,0,0,0,0,0,0,0,0,0,0,0,0,4095,4095,4095,4095,4095,4095,4095,4095,0,0,0,0,0,0,0,0,0,0,0,0,0,4095,4095,4095,4095,4095,4095,4095,
4095,0,0,0,0,0,0,0,0,0,0,0,0,4095,4095,4095,4095,4095,4095,4095,4095,0,0,0,0,0,0,0,0,0,0,0,0,0,4095,4095,4095,4095,4095,4095,4095,0,0,0,0,0,0,0,0,0,0,0,0,4095,4095,4095,4095,4095,4095,4095,4095,4064,0,0,0,0,0,0,0,0,0,0,0,0,4095,4095,4095,4095,4095,4095,4095,4095,0,0,0,0,0,0,0,0,0,0,0,0,0,4095,4095,4095,4095,4095,
4095,4095,4095,0,0,0,0,0,0,0,0,0,0,0,0,4095,4095,4095,4095,4095,4095,4095,4095,0,0,0,0,0,0,0,0,0,0,0,0,0,4095,4095,4095,4095,4095,4095,4095,0,0,0,0,0,0,0,0,0,0,0,0,4095,4095,4095,4095,4095,4095,4095,4095,0,0,0,0,0,0,0,0,0,0,0,0,0,4095,4095,4095,4095,4095,4095,4095,4095,0,0,0,0,0,0,0,0,0,0,0,0,1,4095,4095,4095,
4095,4095,4095,4095,4092,0,0,0,0,0,0,0,0,0,0,0,0,4095,4095,4095,4095,4095,4095,4095,4095,0,0,0,0,0,0,0,0,0,0,0,0,0,4095,4095,4095,4095,4095,4095,4095,0,0,0,0,0,0,0,0,0,0,0,0,1250,4095,4095,4095,4095,4095,4095,4095,4032,0,0,0,0,0,0,0,0,0,0,0,0,4095,4095,4095,4095,4095,4095,4095,4095,0,0,0,0,0,0,0,0,0,0,0,0,4095,4095,
4095,4095,4095,4095,4095,4095,0,0,0,0,0,0,0,0,0,0,0,0,0,4095,4095,4095,4095,4095,4095,4095,4088,0,0,0,0,0,0,0,0,0,0,0,0,4095,4095,4095,4095,4095,4095,4095,0,0,0,0,0,0,0,0,0,0,0,0,31,4095,4095,4095,4095,4095,4095,4095,4092,0,0,0,0,0,0,0,0,0,0,0,0,4095,4095,4095,4095,4095,4095,4095,4095,0,0,0,0,0,0,0,0,0,0,0,0,4095,
197
cnt: 201
deep sleep start
