4095,0,0,0,0,0,0,0,4095,4095,4095,4095,0,0,0,0,0,0,4095,4095,4095,4095,0,0,0,0,0,0,4095,4095,4095,4095,0,0,0,0,0,0,4095,4095,4095,4095,0,0,0,0,0,0,4095,4095,4095,4095,0,0,0,0,0,0,7,4095,4095,4095,4092,0,0,0,0,0,0,4095,4095,4095,4094,0,0,0,0,0,0,4095,4095,4095,4095,0,0,0,0,0,0,4095,4095,4095,4095,0,0,0,0,0,4095,4095,
4095,4095,0,0,0,0,0,0,4095,4095,4095,4095,0,0,0,0,0,0,4095,4095,4095,4095,0,0,0,0,0,0,15,4095,4095,4095,4032,0,0,0,0,0,0,4095,4095,4095,4095,0,0,0,0,0,0,4095,4095,4095,4095,0,0,0,0,0,0,4095,4095,4095,4095,0,0,0,0,0,0,3,4095,4095,4095,4095,0,0,0,0,0,0,4095,4095,4095,4095,0,0,0,0,0,0,4095,4095,4095,4095,0,0,0,0,0,1,
4095,4095,4095,4095,0,0,0,0,0,0,4095,4095,4095,4095,0,0,0,0,0,0,4095,4095,4095,4095,0,0,0,0,0,0,4095,4095,4095,4095,0,0,0,0,0,0,1,4095,4095,4095,4095,0,0,0,0,0,0,4095,4095,4095,4095,0,0,0,0,0,0,4095,4095,4095,4095,0,0,0,0,0,0,4095,4095,4095,4095,0,0,0,0,0,0,0,4095,4095,4095,4095,0,0,0,0,0,0,4095,4095,4095,4095,0,0,0,0,
0,7,4095,4095,4095,4095,0,0,0,0,0,0,4095,4095,4095,4095,0,0,0,0,0,0,4095,4095,4095,4095,0,0,0,0,0,0,0,4095,4095,4095,4092,0,0,0,0,0,0,4095,4095,4095,4095,0,0,0,0,0,0,4095,4095,4095,4095,0,0,0,0,0,0,4095,4095,4095,4095,0,0,0,0,0,0,511,4095,4095,4095,3840,0,0,0,0,0,0,4095,4095,4095,4095,0,0,0,0,0,0,4095,4095,4095,4095,0,0,
0,0,0,511,4095,4095,4095,3968,0,0,0,0,0,0,4095,4095,4095,4095,0,0,0,0,0,0,4095,4095,4095,4095,0,0,0,0,0,0,4095,4095,4095,4095,0,0,0,0,0,0,0,4095,4095,4095,4095,0,0,0,0,0,0,4095,4095,4095,4095,0,0,0,0,0,0,4095,4095,4095,4095,0,0,0,0,0,0,4095,4095,4095,4095,0,0,0,0,0,0,4095,4095,4095,4095,0,0,0,0,0,0,0,4095,4095,4095,4095,
0,0,0,0,0,511,4095,4095,4095,4032,0,0,0,0,0,0,4095,4095,4095,4095,0,0,0,0,0,0,4095,4095,4095,4095,0,0,0,0,0,0,4095,4095,4095,4095,0,0,0,0,0,0,4095,4095,4095,4095,0,0,0,0,0,0,0,4095,4095,4095,4095,0,0,0,0,0,0,4095,4095,4095,4095,0,0,0,0,0,0,4095,4095,4095,4095,0,0,0,0,0,0,4095,4095,4095,4095,0,0,0,0,0,0,0,4095,4095,
4095,4095,0,0,0,0,0,511,4095,4095,4095,3584,0,0,0,0,0,0,4095,4095,4095,4095,0,0,0,0,0,0,4095,4095,4095,4095,0,0,0,0,0,0,4095,4095,4095,4095,0,0,0,0,0,0,127,4095,4095,4095,3584,0,0,0,0,0,0,4095,4095,4095,4095,0,0,0,0,0,0,4095,4095,4095,4095,0,0,0,0,0,0,4095,4095,4095,4095,0,0,0,0,0,0,7,4095,4095,4095,4080,0,0,0,0,0,0,
4095,4095,4095,4095,0,0,0,0,0,4095,4095,4095,4095,0,0,0,0,0,0,0,4095,4095,4095,4095,0,0,0,0,0,0,4095,4095,4095,4095,0,0,0,0,0,0,4095,4095,4095,4095,0,0,0,0,0,0,127,4095,4095,4095,4080,0,0,0,0,0,0,4095,4095,4095,4095,0,0,0,0,0,0,4095,4095,4095,4095,0,0,0,0,0,0,4095,4095,4095,4095,0,0,0,0,0,0,0,4095,4095,4095,4095,0,0,0,0,
0,0,4095,4095,4095,4095,0,0,0,0,0,15,4095,4095,4095,4088,0,0,0,0,0,0,4095,4095,4095,4095,0,0,0,0,0,0,4095,4095,4095,4095,0,0,0,0,0,0,4095,4095,4095,4095,0,0,0,0,0,0,0,4095,4095,4095,4088,0,0,0,0,0,0,4095,4095,4095,4095,0,0,0,0,0,0,4095,4095,4095,4095,0,0,0,0,0,0,4095,4095,4095,4095,0,0,0,0,0,0,511,4095,4095,4095,3840,0,0,
0,0,0,0,4095,4095,4095,4095,0,0,0,0,0,4095,4095,4095,4095,0,0,0,0,0,0,0,4095,4095,4095,4095,0,0,0,0,0,0,4095,4095,4095,4095,0,0,0,0,0,0,4095,4095,4095,4095,0,0,0,0,0,0,4095,4095,4095,4095,0,0,0,0,0,0,1,4095,4095,4095,4095,0,0,0,0,0,0,4095,4095,4095,4095,0,0,0,0,0,0,4095,4095,4095,4095,0,0,0,0,0,0,4095,4095,4095,4095,0,
0,0,0,0,0,0,4095,4095,4095,4095,0,0,0,0,0,4095,4095,4095,4095,0,0,0,0,0,0,0,4095,4095,4095,4095,0,0,0,0,0,0,4095,4095,4095,4095,0,0,0,0,0,0,4095,4095,4095,4095,0,0,0,0,0,0,1231,4095,4095,4095,3584,0,0,0,0,0,0,4095,4095,4095,4095,0,0,0,0,0,0,4095,4095,4095,4095,0,0,0,0,0,0,4095,4095,4095,4095,0,0,0,0,0,0,0,4095,4095,
4095,4095,0,0,0,0,0,0,4095,4095,4095,4095,0,0,0,0,0,4095,4095,4095,4095,3584,0,0,0,0,0,0,4095,4095,4095,4095,0,0,0,0,0,0,4095,4095,4095,4095,0,0,0,0,0,0,4095,4095,4095,4095,0,0,0,0,0,0,4095,4095,4095,4095,0,0,0,0,0,0,3,4095,4095,4095,4095,0,0,0,0,0,0,4095,4095,4095,4095,0,0,0,0,0,0,4095,4095,4095,4095,0,0,0,0,0,0,4095,
4095,4095,4095,0,0,0,0,0,0,4095,4095,4095,4095,0,0,0,0,0,4095,4095,4095,4095,0,0,0,0,0,0,4095,4095,4095,4095,0,0,0,0,0,0,4095,4095,4095,4095,0,0,0,0,0,0,4095,4095,4095,4095,0,0,0,0,0,0,4095,4095,4095,4095,0,0,0,0,0,0,4095,4095,4095,4095,0,0,0,0,0,0,4095,4095,4095,4095,0,0,0,0,0,0,4095,4095,4095,4095,0,0,0,0,0,0,4095,4095,
4095,4095,0,0,0,0,0,0,4095,4095,4095,4095,0,0,0,0,0,1023,4095,4095,4095,0,0,0,0,0,0,0,4095,4095,4095,4080,0,0,0,0,0,0,4095,4095,4095,4095,0,0,0,0,0,0,4095,4095,4095,4095,0,0,0,0,0,0,4095,4095,4095,4095,0,0,0,0,0,0,4095,4095,4095,4095,0,0,0,0,0,0,1023,4095,4095,4095,0,0,0,0,0,0,0,4095,4095,4095,4095,0,0,0,0,0,0,4095,
4095,4095,4095,0,0,0,0,0,0,4095,4095,4095,4095,0,0,0,0,0,511,4095,4095,4095,4032,0,0,0,0,0,0,4095,4095,4095,4095,0,0,0,0,0,0,4095,4095,4095,4095,0,0,0,0,0,0,4095,4095,4095,4095,0,0,0,0,0,0,4095,4095,4095,4095,0,0,0,0,0,0,127,4095,4095,4095,4032,0,0,0,0,0,0,4095,4095,4095,4095,0,0,0,0,0,0,4095,4095,4095,4095,0,0,0,0,0,0,
4095,4095,4095,4095,0,0,0,0,0,0,4095,4095,4095,4095,0,0,0,0,0,0,4095,4095,4095,4095,0,0,0,0,0,0,4095,4095,4095,4095,0,0,0,0,0,0,7,4095,4095,4095,4032,0,0,0,0,0,0,4095,4095,4095,4095,0,0,0,0,0,0,4095,4095,4095,4095,0,0,0,0,0,0,4095,4095,4095,4095,0,0,0,0,0,0,4095,4095,4095,4095,0,0,0,0,0,0,4095,4095,4095,4095,0,0,0,0,0,
0,1258,4095,4095,4095,0,0,0,0,0,0,511,4095,4095,4095,0,0,0,0,0,4095,4095,4095,4095,0,0,0,0,0,0,4095,4095,4095,4095,0,0,0,0,0,0,0,4095,4095,4095,4095,0,0,0,0,0,0,4095,4095,4095,4095,0,0,0,0,0,0,4095,4095,4095,4095,0,0,0,0,0,0,4095,4095,4095,4095,0,0,0,0,0,0,0,4095,4095,4095,4095,0,0,0,0,0,0,4095,4095,4095,4095,0,0,0,0,
0,0,4095,4095,4095,4095,0,0,0,0,0,0,4095,4095,4095,4095,0,0,0,0,0,0,4095,4095,4095,4095,0,0,0,0,0,0,4095,4095,4095,4095,0,0,0,0,0,0,4095,4095,4095,4095,0,0,0,0,0,0,7,4095,4095,4095,4088,0,0,0,0,0,0,4095,4095,4095,4095,0,0,0,0,0,0,4095,4095,4095,4095,0,0,0,0,0,0,4095,4095,4095,4095,0,0,0,0,0,0,127,4095,4095,4095,3470,0,0,
0,0,0,0,4095,4095,4095,4095,0,0,0,0,0,0,4095,4095,4095,4095,0,0,0,0,0,255,4095,4095,4095,3968,0,0,0,0,0,0,4095,4095,4095,4095,0,0,0,0,0,0,4095,4095,4095,4095,0,0,0,0,0,0,4095,4095,4095,4095,0,0,0,0,0,0,0,4095,4095,4095,4095,0,0,0,0,0,0,4095,4095,4095,4095,0,0,0,0,0,0,4095,4095,4095,4095,0,0,0,0,0,0,4095,4095,4095,4095,0,
0,0,0,0,0,0,4095,4095,4095,4095,0,0,0,0,0,0,4095,4095,4095,4095,0,0,0,0,0,4095,4095,4095,4095,3417,0,0,0,0,0,0,4095,4095,4095,4095,0,0,0,0,0,0,4095,4095,4095,4095,0,0,0,0,0,0,4095,4095,4095,4095,0,0,0,0,0,0,4095,4095,4095,4095,0,0,0,0,0,0,4095,4095,4095,4095,0,0,0,0,0,0,0,4095,4095,4095,4095,0,0,0,0,0,0,4095,4095,4095,
4095,0,0,0,0,0,0,4095,4095,4095,4095,0,0,0,0,0,0,4095,4095,4095,4095,0,0,0,0,0,0,4095,4095,4095,4095,0,0,0,0,0,0,4095,4095,4095,4095,0,0,0,0,0,0,4095,4095,4095,4095,0,0,0,0,0,0,0,4095,4095,4095,4095,0,0,0,0,0,0,4095,4095,4095,4095,0,0,0,0,0,0,4095,4095,4095,4095,0,0,0,0,0,0,4095,4095,4095,4095,0,0,0,0,0,0,0,4095,
4095,4095,4095,0,0,0,0,0,0,4095,4095,4095,4095,0,0,0,0,0,0,4095,4095,4095,4095,0,0,0,0,0,0,4095,4095,4095,4095,0,0,0,0,0,0,4095,4095,4095,4095,0,0,0,0,0,0,4095,4095,4095,4095,0,0,0,0,0,0,0,4095,4095,4095,4088,0,0,0,0,0,0,4095,4095,4095,4095,0,0,0,0,0,0,4095,4095,4095,4095,0,0,0,0,0,0,4095,4095,4095,4095,0,0,0,0,0,0,
0,4095,4095,4095,4095,0,0,0,0,0,0,4095,4095,4095,4095,0,0,0,0,0,0,4095,4095,4095,4095,0,0,0,0,0,63,4095,4095,4095,4088,0,0,0,0,0,0,4095,4095,4095,4095,0,0,0,0,0,0,4095,4095,4095,4095,0,0,0,0,0,0,4095,4095,4095,4095,0,0,0,0,0,0,4095,4095,4095,4095,0,0,0,0,0,0,7,4095,4095,4095,3968,0,0,0,0,0,0,4095,4095,4095,4095,0,0,0,0,
0,0,4095,4095,4095,4095,0,0,0,0,0,0,4095,4095,4095,4095,0,0,0,0,0,0,4095,4095,4095,4095,0,0,0,0,0,3,4095,4095,4095,4032,0,0,0,0,0,0,4095,4095,4095,4095,0,0,0,0,0,0,4095,4095,4095,4095,0,0,0,0,0,0,4095,4095,4095,4095,0,0,0,0,0,0,4095,4095,4095,4095,0,0,0,0,0,0,4095,4095,4095,4095,0,0,0,0,0,0,7,4095,4095,4095,4080,0,0,0,
0,0,0,4095,4095,4095,4095,0,0,0,0,0,0,4095,4095,4095,4095,0,0,0,0,0,0,4095,4095,4095,4095,0,0,0,0,0,15,4095,4095,4095,4064,0,0,0,0,0,0,4095,4095,4095,4095,0,0,0,0,0,0,4095,4095,4095,4095,0,0,0,0,0,0,4095,4095,4095,4095,0,0,0,0,0,0,4095,4095,4095,4095,0,0,0,0,0,0,4095,4095,4095,4095,0,0,0,0,0,0,3,4095,4095,4095,4092,0,0,
0,0,0,0,4095,4095,4095,4095,0,0,0,0,0,0,4095,4095,4095,4095,0,0,0,0,0,0,4095,4095,4095,4095,0,0,0,0,0,0,4095,4095,4095,4095,0,0,0,0,0,0,4095,4095,4095,4095,0,0,0,0,0,0,4095,4095,4095,4095,0,0,0,0,0,0,4095,4095,4095,4095,0,0,0,0,0,0,1279,4095,4095,4095,0,0,0,0,0,0,0,4095,4095,4095,4094,0,0,0,0,0,0,4095,4095,4095,4080,0,
0,0,0,0,0,4095,4095,4095,4095,0,0,0,0,0,0,4095,4095,4095,4095,0,0,0,0,0,0,4095,4095,4095,4095,0,0,0,0,0,4095,4095,4095,4095,0,0,0,0,0,0,4095,4095,4095,4095,3456,0,0,0,0,0,0,4095,4095,4095,4095,0,0,0,0,0,0,4095,4095,4095,4095,0,0,0,0,0,0,4095,4095,4095,4095,0,0,0,0,0,0,1296,4095,4095,4095,3470,0,0,0,0,0,0,4095,4095,4095,4095,
0,0,0,0,0,0,4095,4095,4095,4095,0,0,0,0,0,0,4095,4095,4095,4095,0,0,0,0,0,0,4095,4095,4095,4095,0,0,0,0,0,4095,4095,4095,4095,0,0,0,0,0,0,4095,4095,4095,4095,0,0,0,0,0,0,4095,4095,4095,4095,0,0,0,0,0,0,4095,4095,4095,4095,0,0,0,0,0,0,4095,4095,4095,4095,0,0,0,0,0,0,4095,4095,4095,4088,0,0,0,0,0,0,4095,4095,4095,4064,0,
0,0,0,0,0,4095,4095,4095,4080,0,0,0,0,0,0,4095,4095,4095,4032,0,0,0,0,0,0,4095,4095,4095,4088,0,0,0,0,0,4095,4095,4095,4095,0,0,0,0,0,0,0,4095,4095,4095,4095,0,0,0,0,0,0,4095,4095,4095,4095,0,0,0,0,0,0,4095,4095,4095,4095,0,0,0,0,0,0,4095,4095,4095,4095,0,0,0,0,0,0,4095,4095,4095,4095,3409,0,0,0,0,0,0,4095,4095,4095,4095,
0,0,0,0,0,0,4095,4095,4095,4095,0,0,0,0,0,0,4095,4095,4095,4095,0,0,0,0,0,0,4095,4095,4095,4095,0,0,0,0,0,127,4095,4095,4095,0,0,0,0,0,0,1,4095,4095,4095,4064,0,0,0,0,0,0,4095,4095,4095,4092,0,0,0,0,0,0,4095,4095,4095,4095,0,0,0,0,0,0,4095,4095,4095,4095,0,0,0,0,0,0,4095,4095,4095,4095,0,0,0,0,0,0,0,4095,4095,4095,
4095,0,0,0,0,0,0,4095,4095,4095,4095,0,0,0,0,0,0,4095,4095,4095,4095,0,0,0,0,0,0,4095,4095,4095,4095,0,0,0,0,0,127,4095,4095,4095,4064,0,0,0,0,0,0,4095,4095,4095,4095,0,0,0,0,0,0,4095,4095,4095,4095,0,0,0,0,0,0,4095,4095,4095,4095,0,0,0,0,0,0,4095,4095,4095,4095,0,0,0,0,0,0,4095,4095,4095,4095,0,0,0,0,0,0,4095,4095,4095,
4095,0,0,0,0,0,0,4095,4095,4095,4095,0,0,0,0,0,0,4095,4095,4095,4095,0,0,0,0,0,0,4095,4095,4095,4095,0,0,0,0,0,4095,4095,4095,4095,0,0,0,0,0,0,4095,4095,4095,4095,0,0,0,0,0,0,4095,4095,4095,4095,0,0,0,0,0,0,127,4095,4095,4095,3968,0,0,0,0,0,0,4095,4095,4095,4095,0,0,0,0,0,0,4095,4095,4095,4095,0,0,0,0,0,0,4095,4095,4095,
4095,0,0,0,0,0,0,511,4095,4095,4095,3840,0,0,0,0,0,0,4095,4095,4095,4095,0,0,0,0,0,0,4095,4095,4095,4095,0,0,0,0,0,1285,4095,4095,4095,0,0,0,0,0,0,7,4095,4095,4095,4032,0,0,0,0,0,0,4095,4095,4095,4095,0,0,0,0,0,0,4095,4095,4095,4095,0,0,0,0,0,0,4095,4095,4095,4095,0,0,0,0,0,0,4095,4095,4095,4095,0,0,0,0,0,0,1023,4095,
4095,4095,3840,0,0,0,0,0,0,4095,4095,4095,4095,0,0,0,0,0,0,4095,4095,4095,4095,0,0,0,0,0,0,4095,4095,4095,4095,0,0,0,0,0,4095,4095,4095,4095,0,0,0,0,0,0,0,4095,4095,4095,4095,0,0,0,0,0,0,4095,4095,4095,4095,0,0,0,0,0,0,4095,4095,4095,4095,0,0,0,0,0,0,4095,4095,4095,4095,0,0,0,0,0,0,1293,4095,4095,4095,3418,0,0,0,0,0,0,
4095,4095,4095,4095,0,0,0,0,0,0,4095,4095,4095,4095,0,0,0,0,0,0,4095,4095,4095,4095,0,0,0,0,0,0,4095,4095,4095,4095,0,0,0,0,0,4095,4095,4095,4095,0,0,0,0,0,0,127,4095,4095,4095,0,0,0,0,0,0,0,4095,4095,4095,4095,0,0,0,0,0,0,4095,4095,4095,4095,0,0,0,0,0,0,4095,4095,4095,4095,0,0,0,0,0,0,4095,4095,4095,4095,0,0,0,0,0,0,
4095,4095,4095,4095,0,0,0,0,0,0,1023,4095,4095,4095,3420,0,0,0,0,0,0,4095,4095,4095,4095,0,0,0,0,0,0,4095,4095,4095,4095,0,0,0,0,0,15,4095,4095,4095,4092,0,0,0,0,0,0,4095,4095,4095,4095,0,0,0,0,0,0,4095,4095,4095,4095,0,0,0,0,0,0,4095,4095,4095,4095,0,0,0,0,0,0,4095,4095,4095,4095,0,0,0,0,0,0,4095,4095,4095,4095,0,0,0,0,0,
0,0,4095,4095,4095,4064,0,0,0,0,0,0,4095,4095,4095,4095,0,0,0,0,0,0,4095,4095,4095,4095,0,0,0,0,0,0,4095,4095,4095,4095,0,0,0,0,0,255,4095,4095,4095,4088,0,0,0,0,0,0,4095,4095,4095,4095,0,0,0,0,0,0,4095,4095,4095,4095,0,0,0,0,0,0,4095,4095,4095,4095,0,0,0,0,0,0,4095,4095,4095,4095,0,0,0,0,0,0,4095,4095,4095,4095,0,0,0,0,
0,0,1243,4095,4095,4095,3840,0,0,0,0,0,0,4095,4095,4095,4094,0,0,0,0,0,0,4095,4095,4095,4095,0,0,0,0,0,0,4095,4095,4095,4095,0,0,0,0,0,4095,4095,4095,4095,0,0,0,0,0,0,1,4095,4095,4095,4095,0,0,0,0,0,0,4095,4095,4095,4095,0,0,0,0,0,0,4095,4095,4095,4095,0,0,0,0,0,0,4095,4095,4095,4095,0,0,0,0,0,0,4095,4095,4095,4095,3411,0,0,
0,0,0,0,4095,4095,4095,4095,0,0,0,0,0,0,4095,4095,4095,4095,0,0,0,0,0,0,4095,4095,4095,4095,0,0,0,0,0,0,4095,4095,4095,4095,0,0,0,0,0,0,4095,4095,4095,4095,0,0,0,0,0,0,4095,4095,4095,4095,0,0,0,0,0,0,4095,4095,4095,4095,0,0,0,0,0,0,4095,4095,4095,4095,0,0,0,0,0,0,4095,4095,4095,4095,0,0,0,0,0,0,4095,4095,4095,4095,0,0,
0,0,0,0,0,4095,4095,4095,4088,0,0,0,0,0,0,4095,4095,4095,4095,0,0,0,0,0,0,4095,4095,4095,4095,0,0,0,0,0,0,4095,4095,4095,4095,0,0,0,0,0,63,4095,4095,4095,3584,0,0,0,0,0,0,4095,4095,4095,4095,0,0,0,0,0,0,4095,4095,4095,4095,0,0,0,0,0,0,4095,4095,4095,4095,0,0,0,0,0,0,511,4095,4095,4095,0,0,0,0,0,0,0,4095,4095,4095,4095,
0,0,0,0,0,0,4095,4095,4095,4095,0,0,0,0,0,0,4095,4095,4095,4095,0,0,0,0,0,0,4095,4095,4095,4095,0,0,0,0,0,0,4095,4095,4095,4095,0,0,0,0,0,0,4095,4095,4095,4095,0,0,0,0,0,0,4095,4095,4095,4095,0,0,0,0,0,0,4095,4095,4095,4095,0,0,0,0,0,0,4095,4095,4095,4095,0,0,0,0,0,0,4095,4095,4095,4095,0,0,0,0,0,0,0,4095,4095,4095,
4095,0,0,0,0,0,0,4095,4095,4095,4095,0,0,0,0,0,0,4095,4095,4095,4095,0,0,0,0,0,0,4095,4095,4095,4095,0,0,0,0,0,0,4095,4095,4095,4095,0,0,0,0,0,0,4095,4095,4095,4095,0,0,0,0,0,0,4095,4095,4095,4095,0,0,0,0,0,0,4095,4095,4095,4095,0,0,0,0,0,0,4095,4095,4095,4095,0,0,0,0,0,0,0,4095,4095,4095,4095,0,0,0,0,0,0,4095,4095,
4095,4095,0,0,0,0,0,0,4095,4095,4095,4095,0,0,0,0,0,0,4095,4095,4095,4095,0,0,0,0,0,0,4095,4095,4095,4095,0,0,0,0,0,0,4095,4095,4095,4095,0,0,0,0,0,4095,4095,4095,4095,0,0,0,0,0,0,4095,4095,4095,4095,0,0,0,0,0,0,4095,4095,4095,4095,0,0,0,0,0,0,4095,4095,4095,4095,0,0,0,0,0,0,4095,4095,4095,4095,0,0,0,0,0,0,4095,4095,4095,
4095,0,0,0,0,0,0,4095,4095,4095,4095,0,0,0,0,0,0,4095,4095,4095,4095,0,0,0,0,0,0,4095,4095,4095,4095,0,0,0,0,0,0,4095,4095,4095,4095,0,0,0,0,0,63,4095,4095,4095,3968,0,0,0,0,0,0,4095,4095,4095,4095,0,0,0,0,0,0,4095,4095,4095,4095,0,0,0,0,0,0,4095,4095,4095,4095,0,0,0,0,0,0,0,4095,4095,4095,4094,0,0,0,0,0,0,4095,4095,
4095,4095,0,0,0,0,0,0,4095,4095,4095,4095,0,0,0,0,0,0,4095,4095,4095,4095,0,0,0,0,0,0,1279,4095,4095,4095,3420,0,0,0,0,0,0,4095,4095,4095,4095,0,0,0,0,0,4095,4095,4095,4095,0,0,0,0,0,0,127,4095,4095,4095,4032,0,0,0,0,0,1,4095,4095,4095,4088,0,0,0,0,0,0,4095,4095,4095,4095,0,0,0,0,0,0,4095,4095,4095,4095,0,0,0,0,0,0,4095,
4095,4095,4095,0,0,0,0,0,0,4095,4095,4095,4095,0,0,0,0,0,0,1274,4095,4095,4095,0,0,0,0,0,0,0,4095,4095,4095,4095,0,0,0,0,0,0,4095,4095,4095,4095,0,0,0,0,0,4095,4095,4095,4095,0,0,0,0,0,0,0,4095,4095,4095,4095,0,0,0,0,0,0,4095,4095,4095,4095,0,0,0,0,0,0,4095,4095,4095,4095,0,0,0,0,0,0,4095,4095,4095,4095,0,0,0,0,0,0,
4095,4095,4095,4095,0,0,0,0,0,0,4095,4095,4095,4095,0,0,0,0,0,0,4095,4095,4095,4095,0,0,0,0,0,0,4095,4095,4095,4095,0,0,0,0,0,0,4095,4095,4095,4095,0,0,0,0,0,4095,4095,4095,4095,0,0,0,0,0,0,4095,4095,4095,4095,0,0,0,0,0,0,4095,4095,4095,4095,0,0,0,0,0,0,4095,4095,4095,4095,0,0,0,0,0,0,0,4095,4095,4095,4095,0,0,0,0,0,0,
4095,4095,4095,4095,0,0,0,0,0,0,4095,4095,4095,4095,0,0,0,0,0,0,4095,4095,4095,4095,0,0,0,0,0,0,4095,4095,4095,4095,0,0,0,0,0,0,1286,4095,4095,4095,0,0,0,0,0,0,4095,4095,4095,4095,0,0,0,0,0,0,4095,4095,4095,4095,0,0,0,0,0,0,4095,4095,4095,4095,0,0,0,0,0,0,4095,4095,4095,4095,0,0,0,0,0,0,7,4095,4095,4095,4095,0,0,0,0,0,
0,4095,4095,4095,4095,0,0,0,0,0,0,4095,4095,4095,4095,0,0,0,0,0,0,4095,4095,4095,4095,0,0,0,0,0,0,4095,4095,4095,4095,0,0,0,0,0,0,4095,4095,4095,4095,0,0,0,0,0,0,4095,4095,4095,4095,0,0,0,0,0,0,4095,4095,4095,4095,0,0,0,0,0,0,4095,4095,4095,4095,0,0,0,0,0,0,0,4095,4095,4095,4095,0,0,0,0,0,0,4095,4095,4095,4095,0,0,0,0,
0,0,4095,4095,4095,4095,0,0,0,0,0,0,4095,4095,4095,4095,0,0,0,0,0,0,63,4095,4095,4095,3840,0,0,0,0,0,0,4095,4095,4095,4092,0,0,0,0,0,0,4095,4095,4095,4095,0,0,0,0,0,4095,4095,4095,4095,0,0,0,0,0,0,31,4095,4095,4095,3840,0,0,0,0,0,0,4095,4095,4095,4095,0,0,0,0,0,0,4095,4095,4095,4095,0,0,0,0,0,0,4095,4095,4095,4095,0,0,0,
0,0,0,4095,4095,4095,4095,0,0,0,0,0,0,15,4095,4095,4095,3968,0,0,0,0,0,0,4095,4095,4095,4095,0,0,0,0,0,0,4095,4095,4095,4095,0,0,0,0,0,0,4095,4095,4095,4095,0,0,0,0,0,1288,4095,4095,4095,0,0,0,0,0,0,0,4095,4095,4095,4095,0,0,0,0,0,0,4095,4095,4095,4095,0,0,0,0,0,0,4095,4095,4095,4095,0,0,0,0,0,0,4095,4095,4095,4095,0,0,
0,0,0,0,1023,4095,4095,4095,3584,0,0,0,0,0,0,4095,4095,4095,4095,0,0,0,0,0,0,4095,4095,4095,4095,0,0,0,0,0,0,4095,4095,4095,4095,0,0,0,0,0,0,4095,4095,4095,4095,0,0,0,0,0,63,4095,4095,4095,3968,0,0,0,0,0,0,4095,4095,4095,4088,0,0,0,0,0,0,4095,4095,4095,4092,0,0,0,0,0,0,4095,4095,4095,4095,0,0,0,0,0,0,4095,4095,4095,4095,0,
0,0,0,0,0,4095,4095,4095,4095,0,0,0,0,0,0,4095,4095,4095,4095,0,0,0,0,0,0,4095,4095,4095,4095,0,0,0,0,0,0,0,4095,4095,4095,4095,0,0,0,0,0,0,4095,4095,4095,4095,0,0,0,0,0,4095,4095,4095,4095,0,0,0,0,0,0,0,4095,4095,4095,4095,0,0,0,0,0,0,4095,4095,4095,4095,0,0,0,0,0,0,4095,4095,4095,4095,0,0,0,0,0,0,4095,4095,4095,4095,
0,0,0,0,0,0,31,4095,4095,4095,3584,0,0,0,0,0,0,4095,4095,4095,4094,0,0,0,0,0,0,4095,4095,4095,4095,0,0,0,0,0,0,4095,4095,4095,4095,0,0,0,0,0,0,4095,4095,4095,4095,0,0,0,0,0,31,4095,4095,4095,4080,0,0,0,0,0,0,4095,4095,4095,4095,0,0,0,0,0,0,4095,4095,4095,4095,0,0,0,0,0,0,4095,4095,4095,4095,0,0,0,0,0,0,4095,4095,4095,
4095,0,0,0,0,0,0,4095,4095,4095,4095,0,0,0,0,0,0,0,4095,4095,4095,4095,0,0,0,0,0,0,4095,4095,4095,4095,0,0,0,0,0,0,4095,4095,4095,4095,0,0,0,0,0,0,4095,4095,4095,4095,0,0,0,0,0,0,4095,4095,4095,4095,0,0,0,0,0,0,4095,4095,4095,4095,0,0,0,0,0,0,4095,4095,4095,4095,0,0,0,0,0,0,0,4095,4095,4095,4092,0,0,0,0,0,0,4095,
4095,4095,4095,0,0,0,0,0,0,4095,4095,4095,4095,0,0,0,0,0,0,4095,4095,4095,4095,0,0,0,0,0,0,4095,4095,4095,4095,0,0,0,0,0,0,127,4095,4095,4095,3968,0,0,0,0,0,0,4095,4095,4095,4095,0,0,0,0,0,4095,4095,4095,4095,0,0,0,0,0,0,0,4095,4095,4095,4094,0,0,0,0,0,0,4095,4095,4095,4095,0,0,0,0,0,0,4095,4095,4095,4095,0,0,0,0,0,0,
4095,4095,4095,4095,0,0,0,0,0,0,4095,4095,4095,4095,0,0,0,0,0,0,1,4095,4095,4095,4064,0,0,0,0,0,0,4095,4095,4095,4095,0,0,0,0,0,0,4095,4095,4095,4095,0,0,0,0,0,0,4095,4095,4095,4095,0,0,0,0,0,4095,4095,4095,4095,0,0,0,0,0,0,1023,4095,4095,4095,3840,0,0,0,0,0,0,4095,4095,4095,4095,0,0,0,0,0,0,4095,4095,4095,4095,0,0,0,0,0,
0,4095,4095,4095,4095,0,0,0,0,0,0,255,4095,4095,4095,4032,0,0,0,0,0,0,4095,4095,4095,4095,0,0,0,0,0,0,4095,4095,4095,4095,0,0,0,0,0,0,4095,4095,4095,4095,0,0,0,0,0,0,4095,4095,4095,4095,0,0,0,0,0,4095,4095,4095,4095,0,0,0,0,0,0,4095,4095,4095,4095,0,0,0,0,0,0,4095,4095,4095,4095,0,0,0,0,0,0,4095,4095,4095,4095,0,0,0,0,0,
0,4095,4095,4095,4095,0,0,0,0,0,0,4095,4095,4095,4095,0,0,0,0,0,0,4095,4095,4095,4095,0,0,0,0,0,0,4095,4095,4095,4095,0,0,0,0,0,0,4095,4095,4095,4095,0,0,0,0,0,0,4095,4095,4095,4095,0,0,0,0,0,4095,4095,4095,4095,0,0,0,0,0,0,15,4095,4095,4095,4095,0,0,0,0,0,0,4095,4095,4095,4095,0,0,0,0,0,0,4095,4095,4095,4095,0,0,0,0,0,
0,4095,4095,4095,4095,0,0,0,0,0,0,0,4095,4095,4095,4095,0,0,0,0,0,0,4095,4095,4095,4095,0,0,0,0,0,0,4095,4095,4095,4095,0,0,0,0,0,0,4095,4095,4095,4095,0,0,0,0,0,0,4095,4095,4095,4095,0,0,0,0,0,0,4095,4095,4095,4095,0,0,0,0,0,0,4095,4095,4095,4095,0,0,0,0,0,0,4095,4095,4095,4095,0,0,0,0,0,0,4095,4095,4095,4095,0,0,0,0,
0,0,4095,4095,4095,4095,0,0,0,0,0,0,511,4095,4095,4095,3443,0,0,0,0,0,0,4095,4095,4095,4095,0,0,0,0,0,0,4095,4095,4095,4095,0,0,0,0,0,0,4095,4095,4095,4095,0,0,0,0,0,0,4095,4095,4095,4095,0,0,0,0,0,7,4095,4095,4095,4064,0,0,0,0,0,0,4095,4095,4095,4095,0,0,0,0,0,0,4095,4095,4095,4095,0,0,0,0,0,0,4095,4095,4095,4095,0,0,0,
0,0,0,4095,4095,4095,4095,0,0,0,0,0,0,4095,4095,4095,4095,0,0,0,0,0,0,15,4095,4095,4095,4080,0,0,0,0,0,63,4095,4095,4095,3454,0,0,0,0,0,0,4095,4095,4095,4095,0,0,0,0,0,0,4095,4095,4095,4095,0,0,0,0,0,4095,4095,4095,4095,0,0,0,0,0,0,4095,4095,4095,4095,0,0,0,0,0,0,4095,4095,4095,4095,0,0,0,0,0,0,4095,4095,4095,4095,0,0,0,
0,0,0,4095,4095,4095,4095,0,0,0,0,0,0,7,4095,4095,4095,4080,0,0,0,0,0,0,4095,4095,4095,4095,0,0,0,0,0,0,4095,4095,4095,4095,0,0,0,0,0,0,4095,4095,4095,4095,0,0,0,0,0,0,4095,4095,4095,4095,0,0,0,0,0,0,4095,4095,4095,4095,0,0,0,0,0,0,4095,4095,4095,4095,0,0,0,0,0,0,4095,4095,4095,4095,0,0,0,0,0,0,4095,4095,4095,4095,0,0,
0,0,0,0,4095,4095,4095,4095,0,0,0,0,0,0,31,4095,4095,4095,3472,0,0,0,0,0,0,4095,4095,4095,4095,0,0,0,0,0,0,4095,4095,4095,4095,0,0,0,0,0,0,4095,4095,4095,4095,0,0,0,0,0,0,4095,4095,4095,4095,0,0,0,0,0,15,4095,4095,4095,3840,0,0,0,0,0,0,4095,4095,4095,4095,0,0,0,0,0,0,4095,4095,4095,4095,0,0,0,0,0,0,4095,4095,4095,4095,0,
0,0,0,0,0,4095,4095,4095,4095,0,0,0,0,0,0,63,4095,4095,4095,3968,0,0,0,0,0,0,4095,4095,4095,4095,0,0,0,0,0,0,4095,4095,4095,4095,0,0,0,0,0,0,4095,4095,4095,4095,0,0,0,0,0,0,4095,4095,4095,4095,0,0,0,0,0,0,4095,4095,4095,4095,0,0,0,0,0,0,4095,4095,4095,4095,0,0,0,0,0,0,4095,4095,4095,4095,0,0,0,0,0,0,4095,4095,4095,4095,
0,0,0,0,0,0,4095,4095,4095,4095,0,0,0,0,0,0,1023,4095,4095,4095,3840,0,0,0,0,0,0,4095,4095,4095,4095,0,0,0,0,0,0,4095,4095,4095,4095,0,0,0,0,0,0,4095,4095,4095,4095,0,0,0,0,0,0,4095,4095,4095,4095,0,0,0,0,0,4095,4095,4095,4095,0,0,0,0,0,0,127,4095,4095,4095,0,0,0,0,0,0,0,4095,4095,4095,4095,0,0,0,0,0,0,4095,4095,4095,
4095,0,0,0,0,0,0,4095,4095,4095,4095,0,0,0,0,0,0,4095,4095,4095,4095,0,0,0,0,0,0,4095,4095,4095,4095,0,0,0,0,0,0,1023,4095,4095,4095,3840,0,0,0,0,0,0,4095,4095,4095,4095,0,0,0,0,0,0,4095,4095,4095,4095,0,0,0,0,0,4095,4095,4095,4095,0,0,0,0,0,0,0,4095,4095,4095,4095,0,0,0,0,0,0,4095,4095,4095,4095,0,0,0,0,0,0,4095,4095,
4095,4095,0,0,0,0,0,0,4095,4095,4095,4095,0,0,0,0,0,0,4095,4095,4095,4095,0,0,0,0,0,0,4095,4095,4095,4095,0,0,0,0,0,0,1239,4095,4095,4095,0,0,0,0,0,0,0,4095,4095,4095,4080,0,0,0,0,0,0,4095,4095,4095,4095,0,0,0,0,0,4095,4095,4095,4095,0,0,0,0,0,0,0,4095,4095,4095,4095,0,0,0,0,0,0,4095,4095,4095,4095,0,0,0,0,0,0,4095,
4095,4095,4095,0,0,0,0,0,0,4095,4095,4095,4095,0,0,0,0,0,0,4095,4095,4095,4095,0,0,0,0,0,0,0,4095,4095,4095,4095,0,0,0,0,0,0,4095,4095,4095,4095,0,0,0,0,0,0,4095,4095,4095,4095,0,0,0,0,0,0,4095,4095,4095,4095,0,0,0,0,0,1023,4095,4095,4095,3968,0,0,0,0,0,0,4095,4095,4095,4094,0,0,0,0,0,0,4095,4095,4095,4095,0,0,0,0,0,0,
4095,4095,4095,4095,0,0,0,0,0,0,4095,4095,4095,4095,0,0,0,0,0,0,4095,4095,4095,4095,0,0,0,0,0,0,255,4095,4095,4095,0,0,0,0,0,0,15,4095,4095,4095,3444,0,0,0,0,0,0,4095,4095,4095,4095,0,0,0,0,0,0,4095,4095,4095,4095,0,0,0,0,0,4095,4095,4095,4095,0,0,0,0,0,0,0,4095,4095,4095,4064,0,0,0,0,0,0,4095,4095,4095,4095,0,0,0,0,0,
0,4095,4095,4095,4095,0,0,0,0,0,0,4095,4095,4095,4095,0,0,0,0,0,0,4095,4095,4095,4095,0,0,0,0,0,0,4095,4095,4095,4095,0,0,0,0,0,0,0,4095,4095,4095,4095,0,0,0,0,0,0,4095,4095,4095,4095,0,0,0,0,0,0,4095,4095,4095,4095,0,0,0,0,0,4095,4095,4095,4095,0,0,0,0,0,0,0,4095,4095,4095,4092,0,0,0,0,0,0,4095,4095,4095,4095,0,0,0,0,
0,0,4095,4095,4095,4095,0,0,0,0,0,0,4095,4095,4095,4095,0,0,0,0,0,0,4095,4095,4095,4095,0,0,0,0,0,0,4095,4095,4095,4095,0,0,0,0,0,0,4095,4095,4095,4095,0,0,0,0,0,0,31,4095,4095,4095,3840,0,0,0,0,0,0,4095,4095,4095,4092,0,0,0,0,0,4095,4095,4095,4095,0,0,0,0,0,0,4095,4095,4095,4095,0,0,0,0,0,0,511,4095,4095,4095,0,0,0,0,
0,0,0,4095,4095,4095,4095,0,0,0,0,0,0,4095,4095,4095,4095,0,0,0,0,0,0,4095,4095,4095,4095,0,0,0,0,0,0,4095,4095,4095,4095,0,0,0,0,0,0,4095,4095,4095,4095,0,0,0,0,0,0,4095,4095,4095,4095,0,0,0,0,0,0,4095,4095,4095,4095,0,0,0,0,0,4095,4095,4095,4095,0,0,0,0,0,0,4095,4095,4095,4095,0,0,0,0,0,0,4095,4095,4095,4095,0,0,0,0,
0,0,4095,4095,4095,4095,0,0,0,0,0,0,4095,4095,4095,4095,0,0,0,0,0,0,4095,4095,4095,4095,0,0,0,0,0,0,4095,4095,4095,4095,0,0,0,0,0,0,4095,4095,4095,4095,0,0,0,0,0,0,4095,4095,4095,4095,0,0,0,0,0,0,4095,4095,4095,4095,0,0,0,0,0,4095,4095,4095,4095,0,0,0,0,0,0,4095,4095,4095,4095,0,0,0,0,0,0,31,4095,4095,4095,4064,0,0,0,0,
0,0,4095,4095,4095,4095,0,0,0,0,0,0,4095,4095,4095,4095,0,0,0,0,0,0,4095,4095,4095,4095,0,0,0,0,0,0,4095,4095,4095,4095,0,0,0,0,0,0,4095,4095,4095,4095,0,0,0,0,0,0,1269,4095,4095,4095,0,0,0,0,0,0,7,4095,4095,4095,0,0,0,0,0,0,4095,4095,4095,4095,0,0,0,0,0,0,4095,4095,4095,4095,0,0,0,0,0,0,4095,4095,4095,4095,0,0,0,0,
0,0,3,4095,4095,4095,4095,0,0,0,0,0,0,4095,4095,4095,4095,0,0,0,0,0,0,4095,4095,4095,4095,0,0,0,0,0,0,4095,4095,4095,4095,0,0,0,0,0,0,4095,4095,4095,4095,0,0,0,0,0,0,511,4095,4095,4095,3584,0,0,0,0,0,0,4095,4095,4095,4095,0,0,0,0,0,4095,4095,4095,4095,0,0,0,0,0,0,127,4095,4095,4095,4064,0,0,0,0,0,0,4095,4095,4095,4095,0,0,
0,0,0,0,4095,4095,4095,4095,0,0,0,0,0,0,4095,4095,4095,4095,0,0,0,0,0,0,4095,4095,4095,4095,0,0,0,0,0,0,4095,4095,4095,4095,0,0,0,0,0,0,4095,4095,4095,4095,0,0,0,0,0,0,4095,4095,4095,4095,0,0,0,0,0,0,4095,4095,4095,4095,0,0,0,0,0,4095,4095,4095,4095,0,0,0,0,0,0,4095,4095,4095,4095,0,0,0,0,0,0,4095,4095,4095,4095,0,0,0,
0,0,0,511,4095,4095,4095,3584,0,0,0,0,0,0,4095,4095,4095,4095,0,0,0,0,0,0,4095,4095,4095,4095,0,0,0,0,0,0,4095,4095,4095,4095,0,0,0,0,0,0,4095,4095,4095,4095,0,0,0,0,0,0,4095,4095,4095,4095,0,0,0,0,0,0,4095,4095,4095,4095,0,0,0,0,0,0,4095,4095,4095,4095,0,0,0,0,0,0,4095,4095,4095,4095,0,0,0,0,0,0,4095,4095,4095,4095,0,0,
0,0,0,0,255,4095,4095,4095,4088,0,0,0,0,0,0,4095,4095,4095,4095,0,0,0,0,0,0,4095,4095,4095,4095,0,0,0,0,0,0,4095,4095,4095,4095,0,0,0,0,0,0,4095,4095,4095,4095,0,0,0,0,0,0,31,4095,4095,4095,4032,0,0,0,0,0,0,4095,4095,4095,4095,0,0,0,0,0,4095,4095,4095,4095,0,0,0,0,0,0,1,4095,4095,4095,4064,0,0,0,0,0,0,4095,4095,4095,4095,
0,0,0,0,0,0,4095,4095,4095,4095,0,0,0,0,0,0,4095,4095,4095,4095,0,0,0,0,0,0,4095,4095,4095,4095,0,0,0,0,0,0,4095,4095,4095,4095,0,0,0,0,0,0,15,4095,4095,4095,3968,0,0,0,0,0,0,4095,4095,4095,4095,0,0,0,0,0,0,4095,4095,4095,4095,0,0,0,0,0,4095,4095,4095,4095,0,0,0,0,0,0,0,4095,4095,4095,4095,0,0,0,0,0,0,4095,4095,4095,
4095,0,0,0,0,0,0,4095,4095,4095,4095,0,0,0,0,0,0,4095,4095,4095,4095,0,0,0,0,0,0,4095,4095,4095,4095,0,0,0,0,0,0,1,4095,4095,4095,3840,0,0,0,0,0,0,4095,4095,4095,4095,0,0,0,0,0,0,4095,4095,4095,4095,0,0,0,0,0,0,4095,4095,4095,4095,0,0,0,0,0,0,4095,4095,4095,4095,0,0,0,0,0,0,4095,4095,4095,4095,0,0,0,0,0,0,4095,4095,
4095,4095,0,0,0,0,0,0,127,4095,4095,4095,4064,0,0,0,0,0,0,4095,4095,4095,4095,0,0,0,0,0,0,4095,4095,4095,4095,0,0,0,0,0,0,4095,4095,4095,4095,0,0,0,0,0,0,127,4095,4095,4095,4032,0,0,0,0,0,0,4095,4095,4095,4095,0,0,0,0,0,0,4095,4095,4095,4095,0,0,0,0,0,4095,4095,4095,4095,0,0,0,0,0,0,0,4095,4095,4095,4095,0,0,0,0,0,0,
4095,4095,4095,4095,0,0,0,0,0,0,4095,4095,4095,4095,0,0,0,0,0,0,1,4095,4095,4095,4095,0,0,0,0,0,0,4095,4095,4095,4095,0,0,0,0,0,0,4095,4095,4095,4095,0,0,0,0,0,0,4095,4095,4095,4095,3472,0,0,0,0,0,0,4095,4095,4095,4095,0,0,0,0,0,0,4095,4095,4095,4095,0,0,0,0,0,4095,4095,4095,4095,0,0,0,0,0,0,0,4095,4095,4095,4095,0,0,0,0,
0,0,4095,4095,4095,4095,0,0,0,0,0,0,4095,4095,4095,4095,0,0,0,0,0,0,7,4095,4095,4095,4095,0,0,0,0,0,0,4095,4095,4095,4095,0,0,0,0,0,0,4095,4095,4095,4095,0,0,0,0,0,0,4095,4095,4095,4095,0,0,0,0,0,0,127,4095,4095,4095,4080,0,0,0,0,0,0,4095,4095,4095,4095,0,0,0,0,0,1285,4095,4095,4095,3419,0,0,0,0,0,0,4095,4095,4095,4095,0,0,
0,0,0,0,4095,4095,4095,4095,0,0,0,0,0,0,4095,4095,4095,4095,0,0,0,0,0,0,0,4095,4095,4095,4095,0,0,0,0,0,0,4095,4095,4095,4095,0,0,0,0,0,0,4095,4095,4095,4095,0,0,0,0,0,0,4095,4095,4095,4095,0,0,0,0,0,0,4095,4095,4095,4095,0,0,0,0,0,0,0,4095,4095,4095,4095,0,0,0,0,0,4095,4095,4095,4095,0,0,0,0,0,0,0,4095,4095,4095,4095,
0,0,0,0,0,0,4095,4095,4095,4095,0,0,0,0,0,0,4095,4095,4095,4095,0,0,0,0,0,0,4095,4095,4095,4095,0,0,0,0,0,0,0,4095,4095,4095,4095,0,0,0,0,0,0,4095,4095,4095,4095,0,0,0,0,0,0,4095,4095,4095,4095,0,0,0,0,0,0,0,4095,4095,4095,4095,0,0,0,0,0,0,4095,4095,4095,4095,0,0,0,0,0,31,4095,4095,4095,4095,0,0,0,0,0,0,4095,4095,
4095,4095,0,0,0,0,0,0,4095,4095,4095,4095,0,0,0,0,0,0,4095,4095,4095,4095,0,0,0,0,0,0,0,4095,4095,4095,4095,0,0,0,0,0,0,4095,4095,4095,4095,0,0,0,0,0,0,4095,4095,4095,4095,0,0,0,0,0,0,255,4095,4095,4095,3459,0,0,0,0,0,0,4095,4095,4095,4095,0,0,0,0,0,0,4095,4095,4095,4095,0,0,0,0,0,4095,4095,4095,4095,0,0,0,0,0,0,255,
4095,4095,4095,4064,0,0,0,0,0,0,4095,4095,4095,4095,0,0,0,0,0,0,4095,4095,4095,4095,0,0,0,0,0,0,4095,4095,4095,4095,0,0,0,0,0,0,0,4095,4095,4095,4095,0,0,0,0,0,0,4095,4095,4095,4095,0,0,0,0,0,0,4095,4095,4095,4095,0,0,0,0,0,0,4095,4095,4095,4095,0,0,0,0,0,0,4095,4095,4095,4095,0,0,0,0,0,4095,4095,4095,4095,0,0,0,0,0,0,
4095,4095,4095,4094,0,0,0,0,0,0,4095,4095,4095,4095,0,0,0,0,0,0,4095,4095,4095,4092,0,0,0,0,0,0,4095,4095,4095,4092,0,0,0,0,0,0,4095,4095,4095,0,0,0,0,0,0,0,4095,4095,4095,4064,0,0,0,0,0,0,4095,4095,4095,4064,0,0,0,0,0,0,4095,4095,4095,4080,0,0,0,0,0,0,4095,4095,4095,4095,0,0,0,0,0,4095,4095,4095,4095,0,0,0,0,0,0,0,
4095,4095,4095,4095,0,0,0,0,0,0,4095,4095,4095,4095,0,0,0,0,0,0,4095,4095,4095,4095,0,0,0,0,0,0,1023,4095,4095,4095,3584,0,0,0,0,0,0,4095,4095,4095,4095,0,0,0,0,0,0,4095,4095,4095,4095,0,0,0,0,0,0,4095,4095,4095,4095,0,0,0,0,0,0,4095,4095,4095,4095,3584,0,0,0,0,0,0,4095,4095,4095,4095,0,0,0,0,0,4095,4095,4095,4095,0,0,0,0,0,
0,0,4095,4095,4095,4095,0,0,0,0,0,0,4095,4095,4095,4095,0,0,0,0,0,0,4095,4095,4095,4095,0,0,0,0,0,0,4095,4095,4095,4095,0,0,0,0,0,0,0,4095,4095,4095,4032,0,0,0,0,0,0,4095,4095,4095,4095,0,0,0,0,0,0,4095,4095,4095,4095,0,0,0,0,0,0,4095,4095,4095,4095,0,0,0,0,0,0,511,4095,4095,4095,0,0,0,0,0,0,4095,4095,4095,4095,0,0,0,
0,0,0,4095,4095,4095,4095,0,0,0,0,0,0,4095,4095,4095,4095,3423,0,0,0,0,0,0,4095,4095,4095,4095,0,0,0,0,0,0,4095,4095,4095,4095,0,0,0,0,0,0,4095,4095,4095,4095,0,0,0,0,0,0,4095,4095,4095,4095,0,0,0,0,0,0,4095,4095,4095,4095,0,0,0,0,0,0,4095,4095,4095,4095,0,0,0,0,0,0,4095,4095,4095,4095,0,0,0,0,0,4095,4095,4095,4095,0,0,0,
0,0,0,4095,4095,4095,4095,0,0,0,0,0,0,4095,4095,4095,4095,0,0,0,0,0,0,4095,4095,4095,4095,0,0,0,0,0,0,0,4095,4095,4095,4095,0,0,0,0,0,0,4095,4095,4095,4095,0,0,0,0,0,0,4095,4095,4095,4095,0,0,0,0,0,0,0,4095,4095,4095,4092,0,0,0,0,0,0,4095,4095,4095,4095,0,0,0,0,0,0,4095,4095,4095,4095,0,0,0,0,0,1,4095,4095,4095,4095,0,
0,0,0,0,0,4095,4095,4095,4095,0,0,0,0,0,0,4095,4095,4095,4095,0,0,0,0,0,0,1292,4095,4095,4095,0,0,0,0,0,0,0,4095,4095,4095,4095,0,0,0,0,0,0,4095,4095,4095,4095,0,0,0,0,0,0,4095,4095,4095,4095,0,0,0,0,0,0,4095,4095,4095,4095,0,0,0,0,0,0,0,4095,4095,4095,4095,0,0,0,0,0,0,4095,4095,4095,4095,0,0,0,0,0,1245,4095,4095,4095,
3968,0,0,0,0,0,0,4095,4095,4095,4095,0,0,0,0,0,0,4095,4095,4095,4095,0,0,0,0,0,0,4095,4095,4095,4095,0,0,0,0,0,0,63,4095,4095,4095,4088,0,0,0,0,0,0,4095,4095,4095,4095,0,0,0,0,0,0,4095,4095,4095,4095,0,0,0,0,0,0,4095,4095,4095,4095,0,0,0,0,0,0,0,4095,4095,4095,4095,0,0,0,0,0,0,4095,4095,4095,4095,0,0,0,0,0,4095,4095,
4095,4095,0,0,0,0,0,0,0,4095,4095,4095,4095,0,0,0,0,0,0,4095,4095,4095,4095,0,0,0,0,0,0,4095,4095,4095,4095,0,0,0,0,0,0,255,4095,4095,4095,0,0,0,0,0,0,0,4095,4095,4095,4095,0,0,0,0,0,0,4095,4095,4095,4095,0,0,0,0,0,0,4095,4095,4095,4095,0,0,0,0,0,0,4095,4095,4095,4095,0,0,0,0,0,0,4095,4095,4095,4095,0,0,0,0,0,0,
4095,4095,4095,4095,0,0,0,0,0,0,4095,4095,4095,4095,0,0,0,0,0,0,4095,4095,4095,4095,0,0,0,0,0,0,0,4095,4095,4095,4095,0,0,0,0,0,0,4095,4095,4095,4095,0,0,0,0,0,0,4095,4095,4095,4095,0,0,0,0,0,0,4095,4095,4095,4095,0,0,0,0,0,0,0,4095,4095,4095,4092,0,0,0,0,0,0,4095,4095,4095,4095,0,0,0,0,0,0,4095,4095,4095,4095,0,0,0,0,
0,4095,4095,4095,4095,3414,0,0,0,0,0,0,4095,4095,4095,4095,0,0,0,0,0,0,4095,4095,4095,4095,0,0,0,0,0,0,4095,4095,4095,4095,0,0,0,0,0,0,1023,4095,4095,4095,4088,0,0,0,0,0,0,4095,4095,4095,4095,0,0,0,0,0,0,4095,4095,4095,4095,0,0,0,0,0,0,4095,4095,4095,4095,0,0,0,0,0,0,4095,4095,4095,4095,0,0,0,0,0,0,0,4095,4095,4095,4095,0,0,
0,0,0,4095,4095,4095,4095,0,0,0,0,0,0,31,4095,4095,4095,4092,0,0,0,0,0,0,4095,4095,4095,4095,0,0,0,0,0,0,4095,4095,4095,4095,0,0,0,0,0,0,4095,4095,4095,4095,0,0,0,0,0,0,4095,4095,4095,4095,0,0,0,0,0,0,63,4095,4095,4095,4032,0,0,0,0,0,0,4095,4095,4095,4095,0,0,0,0,0,0,4095,4095,4095,4095,0,0,0,0,0,0,4095,4095,4095,4095,0,
0,0,0,0,0,4095,4095,4095,4094,0,0,0,0,0,0,4095,4095,4095,4095,0,0,0,0,0,0,4095,4095,4095,4095,0,0,0,0,0,0,4095,4095,4095,4095,0,0,0,0,0,0,0,4095,4095,4095,4095,0,0,0,0,0,0,4095,4095,4095,4095,0,0,0,0,0,0,4095,4095,4095,4095,0,0,0,0,0,0,511,4095,4095,4095,3840,0,0,0,0,0,0,4095,4095,4095,4095,0,0,0,0,0,0,4095,4095,4095,
4095,0,0,0,0,0,63,4095,4095,4095,3968,0,0,0,0,0,0,4095,4095,4095,4095,0,0,0,0,0,0,4095,4095,4095,4095,0,0,0,0,0,0,4095,4095,4095,4095,3453,0,0,0,0,0,0,4095,4095,4095,4095,0,0,0,0,0,0,4095,4095,4095,4095,0,0,0,0,0,0,4095,4095,4095,4095,0,0,0,0,0,0,0,4095,4095,4095,4095,0,0,0,0,0,0,4095,4095,4095,4095,0,0,0,0,0,0,4095,
4095,4095,4095,0,0,0,0,0,3,4095,4095,4095,4088,0,0,0,0,0,0,4095,4095,4095,4095,0,0,0,0,0,0,4095,4095,4095,4095,0,0,0,0,0,0,4095,4095,4095,4095,0,0,0,0,0,0,1023,4095,4095,4095,0,0,0,0,0,0,0,4095,4095,4095,4095,0,0,0,0,0,0,4095,4095,4095,4095,0,0,0,0,0,0,4095,4095,4095,4095,0,0,0,0,0,0,31,4095,4095,4095,4088,0,0,0,0,0,
0,4095,4095,4095,4095,0,0,0,0,0,4095,4095,4095,4095,0,0,0,0,0,0,1,4095,4095,4095,4094,0,0,0,0,0,0,4095,4095,4095,4095,0,0,0,0,0,0,4095,4095,4095,4095,0,0,0,0,0,0,4095,4095,4095,4095,0,0,0,0,0,0,0,4095,4095,4095,4080,0,0,0,0,0,0,4095,4095,4095,4095,0,0,0,0,0,0,4095,4095,4095,4095,0,0,0,0,0,0,4095,4095,4095,4095,0,0,0,0,
0,0,4095,4095,4095,4095,0,0,0,0,0,4095,4095,4095,4095,0,0,0,0,0,0,4095,4095,4095,4095,0,0,0,0,0,0,4095,4095,4095,4095,0,0,0,0,0,0,4095,4095,4095,4095,0,0,0,0,0,0,4095,4095,4095,4095,0,0,0,0,0,0,4095,4095,4095,4064,0,0,0,0,0,0,4095,4095,4095,4095,0,0,0,0,0,0,4095,4095,4095,4095,0,0,0,0,0,0,4095,4095,4095,4095,0,0,0,0,0,
0,4095,4095,4095,4095,0,0,0,0,0,4095,4095,4095,4095,0,0,0,0,0,0,0,4095,4095,4095,4095,0,0,0,0,0,0,4095,4095,4095,4095,0,0,0,0,0,0,4095,4095,4095,4095,0,0,0,0,0,0,4095,4095,4095,4095,0,0,0,0,0,0,7,4095,4095,4095,4032,0,0,0,0,0,0,4095,4095,4095,4095,0,0,0,0,0,0,4095,4095,4095,4095,0,0,0,0,0,0,4095,4095,4095,4095,0,0,0,0,
0,0,0,4095,4095,4095,4094,0,0,0,0,0,511,4095,4095,4095,3840,0,0,0,0,0,0,4095,4095,4095,4095,0,0,0,0,0,0,4095,4095,4095,4095,0,0,0,0,0,0,4095,4095,4095,4095,0,0,0,0,0,0,4095,4095,4095,4095,3461,0,0,0,0,0,0,4095,4095,4095,4095,0,0,0,0,0,0,4095,4095,4095,4095,0,0,0,0,0,0,4095,4095,4095,4095,0,0,0,0,0,0,4095,4095,4095,4095,0,0,
0,0,0,0,4095,4095,4095,4095,0,0,0,0,0,0,4095,4095,4095,4095,0,0,0,0,0,0,4095,4095,4095,4095,0,0,0,0,0,0,4095,4095,4095,4095,0,0,0,0,0,0,2201,4095,4095,4095,0,0,0,0,0,0,3,4095,4095,4095,0,0,0,0,0,0,1257,4095,4095,4095,3449,0,0,0,0,0,0,4095,4095,4095,4095,0,0,0,0,0,0,4095,4095,4095,4094,0,0,0,0,0,0,4095,4095,4095,4095,0,
0,0,0,0,0,4095,4095,4095,4095,0,0,0,0,0,4095,4095,4095,4095,0,0,0,0,0,0,4095,4095,4095,4095,0,0,0,0,0,0,4095,4095,4095,4095,0,0,0,0,0,0,4095,4095,4095,4095,3421,0,0,0,0,0,0,4095,4095,4095,4095,0,0,0,0,0,0,4095,4095,4095,4095,0,0,0,0,0,0,4095,4095,4095,4095,0,0,0,0,0,0,3,4095,4095,4095,4032,0,0,0,0,0,0,4095,4095,4095,4095,
0,0,0,0,0,0,4095,4095,4095,4095,0,0,0,0,0,0,4095,4095,4095,4095,0,0,0,0,0,0,4095,4095,4095,4095,0,0,0,0,0,0,4095,4095,4095,4095,0,0,0,0,0,0,0,4095,4095,4095,4095,0,0,0,0,0,0,4095,4095,4095,4095,0,0,0,0,0,0,4095,4095,4095,4095,0,0,0,0,0,0,255,4095,4095,4095,4080,0,0,0,0,0,0,4095,4095,4095,4095,0,0,0,0,0,0,4095,4095,
4095,4095,0,0,0,0,0,0,1249,4095,4095,4095,0,0,0,0,0,0,4095,4095,4095,4095,0,0,0,0,0,0,4095,4095,4095,4095,0,0,0,0,0,0,4095,4095,4095,4095,0,0,0,0,0,0,0,4095,4095,4095,4095,0,0,0,0,0,0,4095,4095,4095,4095,0,0,0,0,0,0,4095,4095,4095,4095,0,0,0,0,0,0,4095,4095,4095,4095,3584,0,0,0,0,0,0,4095,4095,4095,4095,0,0,0,0,0,0,
4095,4095,4095,4095,0,0,0,0,0,0,4095,4095,4095,4095,0,0,0,0,0,0,4095,4095,4095,4095,0,0,0,0,0,0,4095,4095,4095,4095,0,0,0,0,0,0,4095,4095,4095,4095,0,0,0,0,0,0,1,4095,4095,4095,4092,0,0,0,0,0,0,4095,4095,4095,4095,0,0,0,0,0,0,4095,4095,4095,4095,0,0,0,0,0,0,4095,4095,4095,4095,0,0,0,0,0,0,1253,4095,4095,4095,4032,0,0,0,0,
0,0,4095,4095,4095,4095,0,0,0,0,0,0,4095,4095,4095,4095,0,0,0,0,0,4095,4095,4095,4095,0,0,0,0,0,0,0,4095,4095,4095,4095,0,0,0,0,0,0,4095,4095,4095,4095,0,0,0,0,0,0,4095,4095,4095,4095,0,0,0,0,0,0,4095,4095,4095,4095,0,0,0,0,0,0,0,4095,4095,4095,4095,0,0,0,0,0,0,4095,4095,4095,4095,0,0,0,0,0,0,4095,4095,4095,4095,0,0,0,
0,0,0,4095,4095,4095,4095,0,0,0,0,0,0,3,4095,4095,4095,4095,0,0,0,0,0,4095,4095,4095,4095,0,0,0,0,0,0,3,4095,4095,4095,4080,0,0,0,0,0,0,4095,4095,4095,4095,0,0,0,0,0,0,4095,4095,4095,4095,0,0,0,0,0,0,4095,4095,4095,4095,0,0,0,0,0,0,127,4095,4095,4095,4032,0,0,0,0,0,0,4095,4095,4095,4095,0,0,0,0,0,0,4095,4095,4095,4095,0,
0,0,0,0,0,4095,4095,4095,4095,0,0,0,0,0,0,4095,4095,4095,4095,0,0,0,0,0,0,4095,4095,4095,4095,0,0,0,0,0,0,4095,4095,4095,4095,0,0,0,0,0,0,127,4095,4095,4095,3968,0,0,0,0,0,0,4095,4095,4095,4095,0,0,0,0,0,0,4095,4095,4095,4095,0,0,0,0,0,0,4095,4095,4095,4095,0,0,0,0,0,0,4095,4095,4095,4095,0,0,0,0,0,0,1023,4095,4095,4095,
3419,0,0,0,0,0,0,4095,4095,4095,4095,0,0,0,0,0,0,4095,4095,4095,4095,0,0,0,0,0,1023,4095,4095,4095,3451,0,0,0,0,0,0,4095,4095,4095,4095,0,0,0,0,0,0,4095,4095,4095,4095,0,0,0,0,0,0,4095,4095,4095,4095,0,0,0,0,0,0,1023,4095,4095,4095,0,0,0,0,0,0,0,4095,4095,4095,4095,0,0,0,0,0,0,4095,4095,4095,4095,0,0,0,0,0,0,4095,4095,
4095,4095,0,0,0,0,0,0,4095,4095,4095,4095,0,0,0,0,0,0,0,4095,4095,4095,4095,0,0,0,0,0,4095,4095,4095,4095,0,0,0,0,0,0,1,4095,4095,4095,4095,0,0,0,0,0,0,4095,4095,4095,4095,0,0,0,0,0,0,4095,4095,4095,4095,0,0,0,0,0,0,63,4095,4095,4095,3584,0,0,0,0,0,0,4095,4095,4095,4095,0,0,0,0,0,0,4095,4095,4095,4095,0,0,0,0,0,0,
4095,4095,4095,4095,0,0,0,0,0,0,4095,4095,4095,4095,0,0,0,0,0,0,0,4095,4095,4095,4095,0,0,0,0,0,4095,4095,4095,4095,0,0,0,0,0,0,255,4095,4095,4095,4094,0,0,0,0,0,0,4095,4095,4095,4095,0,0,0,0,0,0,4095,4095,4095,4095,0,0,0,0,0,0,1290,4095,4095,4095,0,0,0,0,0,0,0,4095,4095,4095,4095,0,0,0,0,0,0,4095,4095,4095,4095,0,0,0,0,
0,0,4095,4095,4095,4095,0,0,0,0,0,0,4095,4095,4095,4095,3584,0,0,0,0,0,0,4095,4095,4095,4095,0,0,0,0,0,4095,4095,4095,4095,0,0,0,0,0,0,0,4095,4095,4095,4095,0,0,0,0,0,0,4095,4095,4095,4095,0,0,0,0,0,0,4095,4095,4095,4095,0,0,0,0,0,0,1247,4095,4095,4095,3968,0,0,0,0,0,0,4095,4095,4095,4095,0,0,0,0,0,0,4095,4095,4095,4095,0,0,
0,0,0,0,4095,4095,4095,4095,0,0,0,0,0,0,4095,4095,4095,4095,0,0,0,0,0,0,4095,4095,4095,4095,0,0,0,0,0,4095,4095,4095,4095,0,0,0,0,0,0,4095,4095,4095,4095,0,0,0,0,0,0,4095,4095,4095,4095,0,0,0,0,0,0,4095,4095,4095,4095,0,0,0,0,0,0,4095,4095,4095,4095,0,0,0,0,0,0,4095,4095,4095,4095,0,0,0,0,0,0,4095,4095,4095,4095,0,0,0,
0,0,0,4095,4095,4095,4095,0,0,0,0,0,0,4095,4095,4095,4095,0,0,0,0,0,0,4095,4095,4095,4095,0,0,0,0,0,1,4095,4095,4095,4080,0,0,0,0,0,0,4095,4095,4095,4095,0,0,0,0,0,0,4095,4095,4095,4095,0,0,0,0,0,0,4095,4095,4095,4095,0,0,0,0,0,0,0,4095,4095,4095,4032,0,0,0,0,0,0,4095,4095,4095,4095,0,0,0,0,0,0,4095,4095,4095,4095,0,0,
0,0,0,0,4095,4095,4095,4095,0,0,0,0,0,0,0,4095,4095,4095,4095,0,0,0,0,0,0,4095,4095,4095,4095,0,0,0,0,0,4095,4095,4095,4095,3415,0,0,0,0,0,0,4095,4095,4095,4095,0,0,0,0,0,0,4095,4095,4095,4095,0,0,0,0,0,0,4095,4095,4095,4095,3968,0,0,0,0,0,0,4095,4095,4095,4095,0,0,0,0,0,0,4095,4095,4095,4095,0,0,0,0,0,0,4095,4095,4095,4095,
0,0,0,0,0,0,0,4095,4095,4095,4095,0,0,0,0,0,0,4095,4095,4095,4095,0,0,0,0,0,0,4095,4095,4095,4095,0,0,0,0,0,4095,4095,4095,4095,0,0,0,0,0,0,0,4095,4095,4095,4095,0,0,0,0,0,0,4095,4095,4095,4095,0,0,0,0,0,0,4095,4095,4095,4095,0,0,0,0,0,0,0,4095,4095,4095,0,0,0,0,0,0,63,4095,4095,4095,4095,0,0,0,0,0,0,4095,4095,
4095,4095,0,0,0,0,0,0,4095,4095,4095,4095,0,0,0,0,0,0,4095,4095,4095,4095,0,0,0,0,0,0,4095,4095,4095,4095,0,0,0,0,0,4095,4095,4095,4095,0,0,0,0,0,0,4095,4095,4095,4095,0,0,0,0,0,0,127,4095,4095,4095,0,0,0,0,0,0,0,4095,4095,4095,4095,0,0,0,0,0,0,4095,4095,4095,4095,0,0,0,0,0,0,4095,4095,4095,4095,0,0,0,0,0,0,4095,4095,
4095,4095,0,0,0,0,0,0,1291,4095,4095,4095,0,0,0,0,0,0,0,4095,4095,4095,4095,0,0,0,0,0,0,4095,4095,4095,4095,0,0,0,0,0,4095,4095,4095,4095,3461,0,0,0,0,0,0,4095,4095,4095,4095,0,0,0,0,0,0,4095,4095,4095,4095,0,0,0,0,0,0,4095,4095,4095,4095,0,0,0,0,0,0,31,4095,4095,4095,4032,0,0,0,0,0,0,4095,4095,4095,4095,0,0,0,0,0,0,
4095,4095,4095,4095,0,0,0,0,0,0,4095,4095,4095,4095,0,0,0,0,0,0,4095,4095,4095,4095,3584,0,0,0,0,0,0,4095,4095,4095,4095,0,0,0,0,0,4095,4095,4095,4095,0,0,0,0,0,0,0,4095,4095,4095,4095,0,0,0,0,0,0,4095,4095,4095,4095,0,0,0,0,0,0,4095,4095,4095,4095,0,0,0,0,0,0,4095,4095,4095,4095,3584,0,0,0,0,0,0,4095,4095,4095,4095,0,0,0,0,
0,0,4095,4095,4095,4095,0,0,0,0,0,0,127,4095,4095,4095,3840,0,0,0,0,0,0,4095,4095,4095,4095,0,0,0,0,0,0,4095,4095,4095,4095,0,0,0,0,0,4095,4095,4095,4095,0,0,0,0,0,0,0,4095,4095,4095,4095,0,0,0,0,0,0,4095,4095,4095,4095,0,0,0,0,0,0,4095,4095,4095,4095,0,0,0,0,0,0,4095,4095,4095,4095,0,0,0,0,0,0,0,4095,4095,4095,4095,0,0,
0,0,0,0,4095,4095,4095,4095,0,0,0,0,0,0,4095,4095,4095,4095,0,0,0,0,0,0,4095,4095,4095,4095,0,0,0,0,0,0,0,4095,4095,4095,4095,0,0,0,0,0,1271,4095,4095,4095,3968,0,0,0,0,0,0,4095,4095,4095,4095,0,0,0,0,0,0,4095,4095,4095,4095,0,0,0,0,0,0,4095,4095,4095,4095,0,0,0,0,0,0,1023,4095,4095,4095,3840,0,0,0,0,0,0,4095,4095,4095,4095,
0,0,0,0,0,0,4095,4095,4095,4095,0,0,0,0,0,0,4095,4095,4095,4095,0,0,0,0,0,0,31,4095,4095,4095,4088,0,0,0,0,0,0,4095,4095,4095,4095,0,0,0,0,0,4095,4095,4095,4095,0,0,0,0,0,0,0,4095,4095,4095,4095,0,0,0,0,0,0,4095,4095,4095,4095,0,0,0,0,0,0,4095,4095,4095,4095,0,0,0,0,0,0,1,4095,4095,4095,4095,0,0,0,0,0,0,4095,4095,
4095,4095,0,0,0,0,0,0,4095,4095,4095,4095,0,0,0,0,0,0,4095,4095,4095,4095,0,0,0,0,0,0,1,4095,4095,4095,4095,0,0,0,0,0,0,4095,4095,4095,4095,0,0,0,0,0,1271,4095,4095,4095,3840,0,0,0,0,0,0,4095,4095,4095,4095,0,0,0,0,0,0,4095,4095,4095,4095,0,0,0,0,0,0,4095,4095,4095,4095,0,0,0,0,0,0,15,4095,4095,4095,4094,0,0,0,0,0,0,
4095,4095,4095,4095,0,0,0,0,0,0,4095,4095,4095,4095,0,0,0,0,0,0,4095,4095,4095,4095,0,0,0,0,0,0,0,4095,4095,4095,4095,0,0,0,0,0,0,4095,4095,4095,4095,0,0,0,0,0,4095,4095,4095,4095,0,0,0,0,0,0,0,4095,4095,4095,4095,0,0,0,0,0,0,4095,4095,4095,4095,0,0,0,0,0,0,4095,4095,4095,4095,0,0,0,0,0,0,1,4095,4095,4095,4095,0,0,0,0,
0,0,4095,4095,4095,4095,0,0,0,0,0,0,4095,4095,4095,4095,0,0,0,0,0,0,4095,4095,4095,4095,0,0,0,0,0,0,7,4095,4095,4095,4095,0,0,0,0,0,0,4095,4095,4095,4095,0,0,0,0,0,4095,4095,4095,4095,0,0,0,0,0,0,3,4095,4095,4095,4092,0,0,0,0,0,0,4095,4095,4095,4095,0,0,0,0,0,0,4095,4095,4095,4095,0,0,0,0,0,0,4095,4095,4095,4095,0,0,0,
0,0,0,511,4095,4095,4095,3968,0,0,0,0,0,0,4095,4095,4095,4095,0,0,0,0,0,0,4095,4095,4095,4095,0,0,0,0,0,0,4095,4095,4095,4095,0,0,0,0,0,0,3,4095,4095,4095,4080,0,0,0,0,0,4095,4095,4095,4095,0,0,0,0,0,0,0,4095,4095,4095,4095,0,0,0,0,0,0,4095,4095,4095,4095,0,0,0,0,0,0,4095,4095,4095,4095,0,0,0,0,0,0,1,4095,4095,4095,4092,
0,0,0,0,0,0,4095,4095,4095,4095,0,0,0,0,0,0,4095,4095,4095,4095,0,0,0,0,0,0,4095,4095,4095,4095,0,0,0,0,0,0,1,4095,4095,4095,4095,0,0,0,0,0,0,4095,4095,4095,4095,0,0,0,0,0,511,4095,4095,4095,3840,0,0,0,0,0,0,4095,4095,4095,4095,0,0,0,0,0,0,4095,4095,4095,4095,0,0,0,0,0,0,4095,4095,4095,4095,0,0,0,0,0,0,15,4095,4095,
4095,4095,0,0,0,0,0,0,4095,4095,4095,4095,0,0,0,0,0,0,4095,4095,4095,4095,0,0,0,0,0,0,4095,4095,4095,4095,0,0,0,0,0,0,4095,4095,4095,4095,0,0,0,0,0,0,4095,4095,4095,4095,0,0,0,0,0,4095,4095,4095,4095,0,0,0,0,0,0,4095,4095,4095,4095,0,0,0,0,0,0,4095,4095,4095,4095,0,0,0,0,0,0,4095,4095,4095,4095,0,0,0,0,0,0,4095,4095,4095,
4095,0,0,0,0,0,0,4095,4095,4095,4094,0,0,0,0,0,0,4095,4095,4095,4095,0,0,0,0,0,0,4095,4095,4095,4095,0,0,0,0,0,0,4095,4095,4095,4095,0,0,0,0,0,0,4095,4095,4095,4095,0,0,0,0,0,4095,4095,4095,4095,0,0,0,0,0,0,0,4095,4095,4095,4095,0,0,0,0,0,0,4095,4095,4095,4095,0,0,0,0,0,0,4095,4095,4095,4095,0,0,0,0,0,0,4095,4095,4095,
4095,0,0,0,0,0,0,511,4095,4095,4095,3968,0,0,0,0,0,0,4095,4095,4095,4095,0,0,0,0,0,0,4095,4095,4095,4095,0,0,0,0,0,0,4095,4095,4095,4095,0,0,0,0,0,0,15,4095,4095,4095,0,0,0,0,0,0,4095,4095,4095,4095,0,0,0,0,0,0,4095,4095,4095,4095,0,0,0,0,0,0,4095,4095,4095,4095,0,0,0,0,0,0,0,4095,4095,4095,4095,0,0,0,0,0,0,4095,
4095,4095,4095,0,0,0,0,0,0,4095,4095,4095,4095,0,0,0,0,0,0,1,4095,4095,4095,4080,0,0,0,0,0,0,4095,4095,4095,4095,0,0,0,0,0,0,4095,4095,4095,4095,0,0,0,0,0,0,4095,4095,4095,4095,0,0,0,0,0,0,4095,4095,4095,4095,0,0,0,0,0,0,4095,4095,4095,4095,0,0,0,0,0,0,1296,4095,4095,4095,3440,0,0,0,0,0,0,4095,4095,4095,4064,0,0,0,0,0,
0,4095,4095,4095,4064,0,0,0,0,0,0,4095,4095,4095,4095,0,0,0,0,0,0,4095,4095,4095,4095,0,0,0,0,0,0,4095,4095,4095,4095,0,0,0,0,0,0,4095,4095,4095,4095,0,0,0,0,0,0,4095,4095,4095,4095,0,0,0,0,0,4095,4095,4095,4095,0,0,0,0,0,0,4095,4095,4095,4095,0,0,0,0,0,0,4095,4095,4095,4095,0,0,0,0,0,0,63,4095,4095,4095,4064,0,0,0,0,0,
0,4095,4095,4095,4095,0,0,0,0,0,0,4095,4095,4095,4095,0,0,0,0,0,0,4095,4095,4095,4095,0,0,0,0,0,0,31,4095,4095,4095,3968,0,0,0,0,0,0,4095,4095,4095,4095,0,0,0,0,0,0,4095,4095,4095,4095,0,0,0,0,0,4095,4095,4095,4095,0,0,0,0,0,0,0,4095,4095,4095,4095,0,0,0,0,0,0,4095,4095,4095,4095,0,0,0,0,0,0,4095,4095,4095,4095,0,0,0,0,
0,0,4095,4095,4095,4095,0,0,0,0,0,0,0,4095,4095,4095,4088,0,0,0,0,0,0,4095,4095,4095,4095,0,0,0,0,0,0,4095,4095,4095,4095,0,0,0,0,0,0,4095,4095,4095,4095,0,0,0,0,0,0,0,4095,4095,4095,4095,0,0,0,0,0,4095,4095,4095,4095,0,0,0,0,0,0,0,4095,4095,4095,4095,0,0,0,0,0,0,4095,4095,4095,4095,0,0,0,0,0,0,4095,4095,4095,4095,0,0,
0,0,0,0,1,4095,4095,4095,4095,0,0,0,0,0,0,4095,4095,4095,4095,0,0,0,0,0,0,4095,4095,4095,4095,0,0,0,0,0,0,4095,4095,4095,4095,0,0,0,0,0,0,4095,4095,4095,4095,0,0,0,0,0,0,0,4095,4095,4095,0,0,0,0,0,0,4095,4095,4095,4095,0,0,0,0,0,0,4095,4095,4095,4095,0,0,0,0,0,0,0,4095,4095,4095,4095,0,0,0,0,0,0,4095,4095,4095,4095,
0,0,0,0,0,0,4095,4095,4095,4095,0,0,0,0,0,0,4095,4095,4095,4095,3447,0,0,0,0,0,0,4095,4095,4095,4095,0,0,0,0,0,0,4095,4095,4095,4095,0,0,0,0,0,0,4095,4095,4095,4095,0,0,0,0,0,0,0,4095,4095,4095,4094,0,0,0,0,0,3805,4095,4095,4095,0,0,0,0,0,0,7,4095,4095,4095,4080,0,0,0,0,0,0,4095,4095,4095,4095,0,0,0,0,0,0,4095,4095,
4095,4095,0,0,0,0,0,0,4095,4095,4095,4095,0,0,0,0,0,0,1,4095,4095,4095,4095,0,0,0,0,0,0,4095,4095,4095,4095,0,0,0,0,0,0,4095,4095,4095,4095,0,0,0,0,0,0,1,4095,4095,4095,4095,0,0,0,0,0,0,4095,4095,4095,4095,0,0,0,0,0,4095,4095,4095,4095,3417,0,0,0,0,0,0,4095,4095,4095,4095,0,0,0,0,0,0,4095,4095,4095,4095,0,0,0,0,0,0,
4095,4095,4095,4095,0,0,0,0,0,0,511,4095,4095,4095,4080,0,0,0,0,0,0,4095,4095,4095,4095,0,0,0,0,0,0,4095,4095,4095,4095,0,0,0,0,0,0,4095,4095,4095,4095,0,0,0,0,0,0,0,4095,4095,4095,4088,0,0,0,0,0,0,4095,4095,4095,4095,0,0,0,0,0,4095,4095,4095,4095,3840,0,0,0,0,0,0,4095,4095,4095,4095,0,0,0,0,0,0,4095,4095,4095,4095,0,0,0,0,
0,0,4095,4095,4095,4095,0,0,0,0,0,0,4095,4095,4095,4095,0,0,0,0,0,0,4095,4095,4095,4095,0,0,0,0,0,0,31,4095,4095,4095,3584,0,0,0,0,0,0,4095,4095,4095,4095,0,0,0,0,0,0,4095,4095,4095,4095,0,0,0,0,0,0,4095,4095,4095,4095,0,0,0,0,0,4095,4095,4095,4095,0,0,0,0,0,0,511,4095,4095,4095,3449,0,0,0,0,0,0,4095,4095,4095,4095,0,0,0,
0,0,0,4095,4095,4095,4095,0,0,0,0,0,0,4095,4095,4095,4095,0,0,0,0,0,0,4095,4095,4095,4095,0,0,0,0,0,0,4095,4095,4095,4095,0,0,0,0,0,0,255,4095,4095,4095,3584,0,0,0,0,0,0,4095,4095,4095,4095,0,0,0,0,0,0,4095,4095,4095,4095,0,0,0,0,0,4095,4095,4095,4095,0,0,0,0,0,0,0,4095,4095,4095,4095,0,0,0,0,0,0,4095,4095,4095,4095,0,0,
0,0,0,0,4095,4095,4095,4095,0,0,0,0,0,0,4095,4095,4095,4095,3840,0,0,0,0,0,0,4095,4095,4095,4095,0,0,0,0,0,0,4095,4095,4095,4095,0,0,0,0,0,0,4095,4095,4095,4095,0,0,0,0,0,0,3,4095,4095,4095,4094,0,0,0,0,0,0,4095,4095,4095,4095,0,0,0,0,0,4095,4095,4095,4095,0,0,0,0,0,0,0,4095,4095,4095,4095,0,0,0,0,0,0,4095,4095,4095,4095,
0,0,0,0,0,0,4095,4095,4095,4095,0,0,0,0,0,0,1289,4095,4095,4095,3584,0,0,0,0,0,0,4095,4095,4095,4095,0,0,0,0,0,0,4095,4095,4095,4095,0,0,0,0,0,0,4095,4095,4095,4095,0,0,0,0,0,0,4095,4095,4095,4095,0,0,0,0,0,0,0,4095,4095,4095,4095,0,0,0,0,0,4095,4095,4095,4095,0,0,0,0,0,0,7,4095,4095,4095,4095,0,0,0,0,0,0,4095,4095,
4095,4095,0,0,0,0,0,0,4095,4095,4095,4095,0,0,0,0,0,0,4095,4095,4095,4095,3584,0,0,0,0,0,0,4095,4095,4095,4095,0,0,0,0,0,0,4095,4095,4095,4095,0,0,0,0,0,0,4095,4095,4095,4095,0,0,0,0,0,0,4095,4095,4095,4095,0,0,0,0,0,0,4095,4095,4095,4095,0,0,0,0,0,4095,4095,4095,4095,0,0,0,0,0,0,4095,4095,4095,4095,0,0,0,0,0,0,4095,4095,
4095,4095,0,0,0,0,0,0,4095,4095,4095,4095,0,0,0,0,0,0,4095,4095,4095,4095,0,0,0,0,0,0,4095,4095,4095,4095,0,0,0,0,0,0,4095,4095,4095,4095,0,0,0,0,0,0,4095,4095,4095,4095,0,0,0,0,0,0,4095,4095,4095,4095,0,0,0,0,0,0,4095,4095,4095,4095,0,0,0,0,0,4095,4095,4095,4095,0,0,0,0,0,0,4095,4095,4095,4095,0,0,0,0,0,0,0,4095,4095,
4095,4095,0,0,0,0,0,0,4095,4095,4095,4095,0,0,0,0,0,0,4095,4095,4095,4095,0,0,0,0,0,0,4095,4095,4095,4095,3410,0,0,0,0,0,0,4095,4095,4095,4095,0,0,0,0,0,0,4095,4095,4095,4095,0,0,0,0,0,0,4095,4095,4095,4095,0,0,0,0,0,0,4095,4095,4095,4095,0,0,0,0,0,0,4095,4095,4095,4088,0,0,0,0,0,0,4095,4095,4095,4095,0,0,0,0,0,0,4095,
4095,4095,4095,0,0,0,0,0,0,4095,4095,4095,4095,0,0,0,0,0,0,4095,4095,4095,4095,0,0,0,0,0,0,0,4095,4095,4095,4095,0,0,0,0,0,0,4095,4095,4095,4095,0,0,0,0,0,0,4095,4095,4095,4095,0,0,0,0,0,0,4095,4095,4095,4095,0,0,0,0,0,0,15,4095,4095,4095,0,0,0,0,0,0,4095,4095,4095,4095,0,0,0,0,0,0,4095,4095,4095,4095,0,0,0,0,0,0,
1023,4095,4095,4095,3461,0,0,0,0,0,0,4095,4095,4095,4095,0,0,0,0,0,0,4095,4095,4095,4095,0,0,0,0,0,0,4095,4095,4095,4095,0,0,0,0,0,0,4095,4095,4095,4095,0,0,0,0,0,0,4095,4095,4095,4095,0,0,0,0,0,0,4095,4095,4095,4095,0,0,0,0,0,0,4095,4095,4095,4095,0,0,0,0,0,4095,4095,4095,4095,0,0,0,0,0,0,4095,4095,4095,4095,0,0,0,0,0,0,
4095,4095,4095,4095,0,0,0,0,0,0,3,4095,4095,4095,4094,0,0,0,0,0,0,4095,4095,4095,4095,0,0,0,0,0,0,4095,4095,4095,4095,0,0,0,0,0,0,4095,4095,4095,4095,0,0,0,0,0,0,31,4095,4095,4095,4088,0,0,0,0,0,0,4095,4095,4095,4095,0,0,0,0,0,0,4095,4095,4095,4095,0,0,0,0,0,1280,4095,4095,4095,3456,0,0,0,0,0,0,4095,4095,4095,4095,0,0,0,0,
0,0,4095,4095,4095,4095,0,0,0,0,0,0,4095,4095,4095,4095,0,0,0,0,0,0,7,4095,4095,4095,4094,0,0,0,0,0,0,4095,4095,4095,4095,0,0,0,0,0,0,4095,4095,4095,4095,0,0,0,0,0,0,4095,4095,4095,4095,0,0,0,0,0,0,4095,4095,4095,4095,0,0,0,0,0,0,1259,4095,4095,4095,0,0,0,0,0,0,4095,4095,4095,4095,0,0,0,0,0,0,4095,4095,4095,4095,0,0,0,
0,0,0,255,4095,4095,4095,4080,0,0,0,0,0,0,4095,4095,4095,4095,0,0,0,0,0,0,4095,4095,4095,4095,0,0,0,0,0,0,4095,4095,4095,4095,0,0,0,0,0,0,4095,4095,4095,4095,0,0,0,0,0,0,63,4095,4095,4095,4032,0,0,0,0,0,0,4095,4095,4095,4095,0,0,0,0,0,0,4095,4095,4095,4095,0,0,0,0,0,4095,4095,4095,4095,0,0,0,0,0,0,4095,4095,4095,4095,0,0,
0,0,0,0,0,4095,4095,4095,4095,0,0,0,0,0,0,4095,4095,4095,4095,0,0,0,0,0,0,4095,4095,4095,4095,0,0,0,0,0,0,4095,4095,4095,4095,0,0,0,0,0,0,4095,4095,4095,4095,0,0,0,0,0,0,4095,4095,4095,4095,0,0,0,0,0,0,0,4095,4095,4095,4095,0,0,0,0,0,0,4095,4095,4095,4095,0,0,0,0,0,4095,4095,4095,4095,0,0,0,0,0,0,0,4095,4095,4095,4095,
0,0,0,0,0,0,4095,4095,4095,4095,0,0,0,0,0,0,4095,4095,4095,4095,0,0,0,0,0,0,4095,4095,4095,4095,0,0,0,0,0,0,4095,4095,4095,4095,0,0,0,0,0,0,4095,4095,4095,4095,0,0,0,0,0,0,3,4095,4095,4095,4092,0,0,0,0,0,0,4095,4095,4095,4095,0,0,0,0,0,0,4095,4095,4095,4095,0,0,0,0,0,4095,4095,4095,4095,0,0,0,0,0,0,4095,4095,4095,4095,
0,0,0,0,0,0,0,4095,4095,4095,4095,0,0,0,0,0,0,4095,4095,4095,4095,0,0,0,0,0,0,4095,4095,4095,4095,0,0,0,0,0,0,4095,4095,4095,4095,0,0,0,0,0,0,4095,4095,4095,4095,0,0,0,0,0,0,0,4095,4095,4095,4095,0,0,0,0,0,0,4095,4095,4095,4095,0,0,0,0,0,0,4095,4095,4095,4095,0,0,0,0,0,127,4095,4095,4095,3840,0,0,0,0,0,0,4095,4095,
4095,4095,0,0,0,0,0,0,4095,4095,4095,4095,0,0,0,0,0,0,4095,4095,4095,4095,0,0,0,0,0,0,4095,4095,4095,4095,0,0,0,0,0,0,0,4095,4095,4095,4088,0,0,0,0,0,0,4095,4095,4095,4095,0,0,0,0,0,0,4095,4095,4095,4095,0,0,0,0,0,0,4095,4095,4095,4095,0,0,0,0,0,0,4095,4095,4095,4095,0,0,0,0,0,0,4095,4095,4095,4095,0,0,0,0,0,0,4095,
4095,4095,4095,0,0,0,0,0,0,4095,4095,4095,4095,0,0,0,0,0,0,0,4095,4095,4095,4095,0,0,0,0,0,0,4095,4095,4095,4095,0,0,0,0,0,0,4095,4095,4095,4095,0,0,0,0,0,0,4095,4095,4095,4095,0,0,0,0,0,0,0,4095,4095,4095,4095,0,0,0,0,0,0,4095,4095,4095,4095,0,0,0,0,0,0,4095,4095,4095,4095,0,0,0,0,0,0,4095,4095,4095,4095,0,0,0,0,0,
0,4095,4095,4095,4095,0,0,0,0,0,0,4095,4095,4095,4095,0,0,0,0,0,0,4095,4095,4095,4095,0,0,0,0,0,0,255,4095,4095,4095,0,0,0,0,0,0,0,4095,4095,4095,4064,0,0,0,0,0,0,4095,4095,4095,4095,0,0,0,0,0,0,4095,4095,4095,4095,0,0,0,0,0,0,4095,4095,4095,4095,0,0,0,0,0,0,4095,4095,4095,4095,0,0,0,0,0,0,4095,4095,4095,4095,0,0,0,0,
0,0,4095,4095,4095,4095,0,0,0,0,0,0,4095,4095,4095,4095,0,0,0,0,0,0,4095,4095,4095,4095,0,0,0,0,0,0,4095,4095,4095,4095,0,0,0,0,0,0,1,4095,4095,4095,4092,0,0,0,0,0,0,4095,4095,4095,4095,0,0,0,0,0,0,4095,4095,4095,4095,0,0,0,0,0,0,4095,4095,4095,4095,0,0,0,0,0,0,4095,4095,4095,4095,0,0,0,0,0,0,4095,4095,4095,4095,0,0,0,
0,0,0,4095,4095,4095,4095,0,0,0,0,0,0,4095,4095,4095,4095,0,0,0,0,0,0,4095,4095,4095,4095,0,0,0,0,0,0,4095,4095,4095,4095,0,0,0,0,0,0,4095,4095,4095,4095,0,0,0,0,0,0,1296,4095,4095,4095,0,0,0,0,0,0,1,4095,4095,4095,4064,0,0,0,0,0,3,4095,4095,4095,3418,0,0,0,0,0,0,4095,4095,4095,0,0,0,0,0,1253,4095,4095,4095,0,0,0,0,
0,0,4095,4095,4095,4095,0,0,0,0,0,0,4095,4095,4095,4095,0,0,0,0,0,0,4095,4095,4095,4095,0,0,0,0,0,0,4095,4095,4095,4095,0,0,0,0,0,0,4095,4095,4095,4095,0,0,0,0,0,0,4095,4095,4095,4095,0,0,0,0,0,0,1023,4095,4095,4095,0,0,0,0,0,0,4095,4095,4095,4095,0,0,0,0,0,0,1279,4095,4095,4095,0,0,0,0,0,0,4095,4095,4095,4095,0,0,0,0,
0,0,4095,4095,4095,4095,0,0,0,0,0,0,4095,4095,4095,4095,0,0,0,0,0,0,0,4095,4095,4095,4095,0,0,0,0,0,0,4095,4095,4095,4095,0,0,0,0,0,0,4095,4095,4095,4095,0,0,0,0,0,0,0,4095,4095,4095,4095,0,0,0,0,0,0,4095,4095,4095,4095,0,0,0,0,0,0,4095,4095,4095,4095,0,0,0,0,0,0,1023,4095,4095,4095,0,0,0,0,0,0,4095,4095,4095,4095,0,0,
0,0,0,0,4095,4095,4095,4095,0,0,0,0,0,0,0,4095,4095,4095,4095,0,0,0,0,0,0,4095,4095,4095,4095,0,0,0,0,0,0,4095,4095,4095,4095,0,0,0,0,0,0,4095,4095,4095,4095,0,0,0,0,0,0,4095,4095,4095,4095,0,0,0,0,0,0,0,4095,4095,4095,4095,0,0,0,0,0,0,4095,4095,4095,4095,0,0,0,0,0,0,4095,4095,4095,4095,0,0,0,0,0,4095,4095,4095,4095,0,
0,0,0,0,0,1023,4095,4095,4095,3584,0,0,0,0,0,0,4095,4095,4095,4095,0,0,0,0,0,0,4095,4095,4095,4095,0,0,0,0,0,0,4095,4095,4095,4095,0,0,0,0,0,0,4095,4095,4095,4095,0,0,0,0,0,0,4095,4095,4095,4095,0,0,0,0,0,0,4095,4095,4095,4095,0,0,0,0,0,0,4095,4095,4095,4095,0,0,0,0,0,0,4095,4095,4095,4095,0,0,0,0,0,4095,4095,4095,4095,0,
0,0,0,0,0,4095,4095,4095,4095,0,0,0,0,0,0,4095,4095,4095,4095,0,0,0,0,0,0,511,4095,4095,4095,3455,0,0,0,0,0,0,4095,4095,4095,4095,0,0,0,0,0,0,4095,4095,4095,4095,0,0,0,0,0,0,4095,4095,4095,4095,0,0,0,0,0,0,4095,4095,4095,4095,0,0,0,0,0,0,0,4095,4095,4095,4095,0,0,0,0,0,0,4095,4095,4095,4095,0,0,0,0,0,4095,4095,4095,4095,
0,0,0,0,0,0,0,4095,4095,4095,4095,0,0,0,0,0,0,4095,4095,4095,4095,0,0,0,0,0,0,4095,4095,4095,4095,0,0,0,0,0,0,4095,4095,4095,4095,0,0,0,0,0,0,255,4095,4095,4095,3584,0,0,0,0,0,0,4095,4095,4095,4095,0,0,0,0,0,0,4095,4095,4095,4095,0,0,0,0,0,0,4095,4095,4095,4095,0,0,0,0,0,0,63,4095,4095,4095,0,0,0,0,0,0,4095,4095,
4095,4095,0,0,0,0,0,0,4095,4095,4095,4095,0,0,0,0,0,0,4095,4095,4095,4095,0,0,0,0,0,0,0,4095,4095,4095,4095,0,0,0,0,0,0,4095,4095,4095,4095,0,0,0,0,0,0,4095,4095,4095,4095,0,0,0,0,0,0,4095,4095,4095,4095,0,0,0,0,0,0,0,4095,4095,4095,4095,0,0,0,0,0,0,4095,4095,4095,4095,0,0,0,0,0,0,4095,4095,4095,4095,0,0,0,0,0,255,
4095,4095,4095,3840,0,0,0,0,0,0,4095,4095,4095,4095,0,0,0,0,0,0,4095,4095,4095,4095,0,0,0,0,0,0,4095,4095,4095,4095,0,0,0,0,0,0,4095,4095,4095,4095,0,0,0,0,0,0,0,4095,4095,4095,4095,0,0,0,0,0,0,4095,4095,4095,4095,0,0,0,0,0,0,4095,4095,4095,4095,0,0,0,0,0,0,4095,4095,4095,4095,0,0,0,0,0,0,255,4095,4095,4095,0,0,0,0,0,
0,4095,4095,4095,4095,0,0,0,0,0,0,4095,4095,4095,4095,0,0,0,0,0,0,4095,4095,4095,4095,0,0,0,0,0,0,15,4095,4095,4095,4094,0,0,0,0,0,0,4095,4095,4095,4095,0,0,0,0,0,0,4095,4095,4095,4095,0,0,0,0,0,0,4095,4095,4095,4095,0,0,0,0,0,0,0,4095,4095,4095,4095,0,0,0,0,0,0,4095,4095,4095,4095,0,0,0,0,0,0,4095,4095,4095,4095,0,0,0,
0,0,0,4095,4095,4095,4095,0,0,0,0,0,0,4095,4095,4095,4095,0,0,0,0,0,0,4095,4095,4095,4095,0,0,0,0,0,0,4095,4095,4095,4095,0,0,0,0,0,0,255,4095,4095,4095,4088,0,0,0,0,0,0,4095,4095,4095,4095,0,0,0,0,0,0,4095,4095,4095,4095,0,0,0,0,0,0,4095,4095,4095,4095,0,0,0,0,0,0,4095,4095,4095,4095,0,0,0,0,0,0,0,4095,4095,4095,4095,0,
0,0,0,0,4095,4095,4095,4095,0,0,0,0,0,0,0,4095,4095,4095,4095,0,0,0,0,0,0,4095,4095,4095,4095,0,0,0,0,0,0,4095,4095,4095,4095,0,0,0,0,0,0,0,4095,4095,4095,4095,0,0,0,0,0,0,4095,4095,4095,4095,0,0,0,0,0,0,4095,4095,4095,4095,0,0,0,0,0,0,4095,4095,4095,4095,0,0,0,0,0,0,511,4095,4095,4095,4080,0,0,0,0,0,0,4095,4095,4095,
4095,0,0,0,0,0,4095,4095,4095,4095,0,0,0,0,0,0,127,4095,4095,4095,4080,0,0,0,0,0,0,4095,4095,4095,4095,0,0,0,0,0,0,4095,4095,4095,4095,0,0,0,0,0,0,4095,4095,4095,4095,0,0,0,0,0,0,255,4095,4095,4095,3584,0,0,0,0,0,0,4095,4095,4095,4095,0,0,0,0,0,0,4095,4095,4095,4095,0,0,0,0,0,0,4095,4095,4095,4095,0,0,0,0,0,0,4095,4095,
4095,4095,0,0,0,0,0,0,4095,4095,4095,4095,0,0,0,0,0,0,4095,4095,4095,4095,0,0,0,0,0,0,4095,4095,4095,4095,0,0,0,0,0,0,1,4095,4095,4095,4080,0,0,0,0,0,0,4095,4095,4095,4095,0,0,0,0,0,0,4095,4095,4095,4095,0,0,0,0,0,0,4095,4095,4095,4095,0,0,0,0,0,0,4095,4095,4095,4095,0,0,0,0,0,0,4095,4095,4095,4095,0,0,0,0,0,0,0,
4095,4095,4095,4095,0,0,0,0,0,4095,4095,4095,4095,0,0,0,0,0,0,0,4095,4095,4095,4095,0,0,0,0,0,0,4095,4095,4095,4095,0,0,0,0,0,0,4095,4095,4095,4095,0,0,0,0,0,0,4095,4095,4095,4095,0,0,0,0,0,0,7,4095,4095,4095,4095,0,0,0,0,0,0,4095,4095,4095,4095,0,0,0,0,0,0,4095,4095,4095,4095,0,0,0,0,0,0,4095,4095,4095,4095,0,0,0,0,0,
0,1023,4095,4095,4095,0,0,0,0,0,0,4095,4095,4095,4095,0,0,0,0,0,0,4095,4095,4095,4095,0,0,0,0,0,0,4021,4095,4095,4095,0,0,0,0,0,0,31,4095,4095,4095,3413,0,0,0,0,0,0,4095,4095,4095,4095,0,0,0,0,0,0,4095,4095,4095,4095,0,0,0,0,0,0,4095,4095,4095,4095,0,0,0,0,0,0,127,4095,4095,4095,3493,0,0,0,0,0,255,4095,4095,4095,0,0,0,0,
0,0,511,4095,4095,4095,0,0,0,0,0,4095,4095,4095,4095,0,0,0,0,0,0,4095,4095,4095,4095,0,0,0,0,0,0,4095,4095,4095,4095,0,0,0,0,0,0,4095,4095,4095,4095,0,0,0,0,0,0,4095,4095,4095,4095,0,0,0,0,0,0,4095,4095,4095,4095,0,0,0,0,0,0,4095,4095,4095,4095,0,0,0,0,0,0,4095,4095,4095,4095,0,0,0,0,0,0,4095,4095,4095,4095,0,0,0,0,0,
0,4095,4095,4095,4095,0,0,0,0,0,4095,4095,4095,4095,0,0,0,0,0,0,0,4095,4095,4095,4095,0,0,0,0,0,0,4095,4095,4095,4095,0,0,0,0,0,0,4095,4095,4095,4095,0,0,0,0,0,0,511,4095,4095,4095,4032,0,0,0,0,0,0,4095,4095,4095,4095,0,0,0,0,0,0,4095,4095,4095,4095,0,0,0,0,0,0,4095,4095,4095,4095,0,0,0,0,0,0,1,4095,4095,4095,4095,0,0,0,
0,0,0,4095,4095,4095,4095,0,0,0,0,0,4095,4095,4095,4095,3408,0,0,0,0,0,0,4095,4095,4095,4095,0,0,0,0,0,0,4095,4095,4095,4095,0,0,0,0,0,0,4095,4095,4095,4095,0,0,0,0,0,0,4095,4095,4095,4095,0,0,0,0,0,0,0,4095,4095,4095,4092,0,0,0,0,0,0,4095,4095,4095,4095,0,0,0,0,0,0,4095,4095,4095,4095,0,0,0,0,0,0,4095,4095,4095,4095,0,0,
0,0,0,0,4095,4095,4095,4095,0,0,0,0,0,0,4095,4095,4095,4095,0,0,0,0,0,0,4095,4095,4095,4095,0,0,0,0,0,0,4095,4095,4095,4095,0,0,0,0,0,0,4095,4095,4095,4095,0,0,0,0,0,0,0,4095,4095,4095,3438,0,0,0,0,0,0,4095,4095,4095,4095,0,0,0,0,0,0,4095,4095,4095,4095,0,0,0,0,0,0,4095,4095,4095,4095,0,0,0,0,0,0,4095,4095,4095,4095,0,
0,0,0,0,0,4095,4095,4095,4095,0,0,0,0,0,4095,4095,4095,4095,0,0,0,0,0,0,4095,4095,4095,4095,0,0,0,0,0,0,4095,4095,4095,4095,0,0,0,0,0,0,4095,4095,4095,4095,0,0,0,0,0,0,1023,4095,4095,4095,0,0,0,0,0,0,7,4095,4095,4095,4080,0,0,0,0,0,0,4095,4095,4095,4095,0,0,0,0,0,0,4095,4095,4095,4095,0,0,0,0,0,0,4095,4095,4095,4095,0,
0,0,0,0,0,4095,4095,4095,4095,0,0,0,0,0,0,4095,4095,4095,4095,0,0,0,0,0,0,4095,4095,4095,4095,0,0,0,0,0,0,4095,4095,4095,4095,0,0,0,0,0,0,7,4095,4095,4095,4064,0,0,0,0,0,0,4095,4095,4095,4095,0,0,0,0,0,0,4095,4095,4095,4095,0,0,0,0,0,0,4095,4095,4095,4095,0,0,0,0,0,0,4095,4095,4095,4095,0,0,0,0,0,0,1,4095,4095,4095,
4095,0,0,0,0,0,0,4095,4095,4095,4095,0,0,0,0,0,4095,4095,4095,4095,0,0,0,0,0,0,0,4095,4095,4095,4095,0,0,0,0,0,0,4095,4095,4095,4095,0,0,0,0,0,0,4095,4095,4095,4095,0,0,0,0,0,0,1298,4095,4095,4095,0,0,0,0,0,0,0,4095,4095,4095,4095,0,0,0,0,0,0,4095,4095,4095,4095,0,0,0,0,0,0,4095,4095,4095,4095,0,0,0,0,0,0,4095,4095,
4095,4095,0,0,0,0,0,0,0,4095,4095,4095,4094,0,0,0,0,0,4095,4095,4095,4095,0,0,0,0,0,0,127,4095,4095,4095,3840,0,0,0,0,0,3,4095,4095,4095,4032,0,0,0,0,0,0,4095,4095,4095,4095,0,0,0,0,0,0,4095,4095,4095,4095,0,0,0,0,0,0,4095,4095,4095,4095,0,0,0,0,0,0,4095,4095,4095,4095,0,0,0,0,0,0,4095,4095,4095,4095,0,0,0,0,0,0,0,
4095,4095,4095,4095,0,0,0,0,0,0,4095,4095,4095,4095,0,0,0,0,0,4095,4095,4095,4095,0,0,0,0,0,0,4095,4095,4095,4095,0,0,0,0,0,0,0,4095,4095,4095,3584,0,0,0,0,0,0,4095,4095,4095,4095,0,0,0,0,0,0,4095,4095,4095,4095,0,0,0,0,0,0,4095,4095,4095,4095,0,0,0,0,0,0,4095,4095,4095,4095,0,0,0,0,0,0,1241,4095,4095,4095,0,0,0,0,0,0,
0,4095,4095,4095,4094,0,0,0,0,0,0,4095,4095,4095,4095,0,0,0,0,0,1287,4095,4095,4095,3449,0,0,0,0,0,0,4095,4095,4095,4095,0,0,0,0,0,0,4095,4095,4095,4095,0,0,0,0,0,0,4095,4095,4095,4095,0,0,0,0,0,0,4095,4095,4095,4095,3423,0,0,0,0,0,0,4095,4095,4095,4095,0,0,0,0,0,0,4095,4095,4095,4095,0,0,0,0,0,0,4095,4095,4095,4095,0,0,0,0,
0,0,1255,4095,4095,4095,3470,0,0,0,0,0,0,4095,4095,4095,4095,0,0,0,0,0,4095,4095,4095,4095,0,0,0,0,0,0,0,4095,4095,4095,4094,0,0,0,0,0,0,4095,4095,4095,4095,0,0,0,0,0,0,4095,4095,4095,4095,0,0,0,0,0,0,4095,4095,4095,4095,0,0,0,0,0,0,4095,4095,4095,4095,0,0,0,0,0,0,4095,4095,4095,4095,0,0,0,0,0,0,0,4095,4095,4095,4094,0,0,
0,0,0,0,4095,4095,4095,4095,0,0,0,0,0,0,4095,4095,4095,4095,0,0,0,0,0,4095,4095,4095,4095,0,0,0,0,0,0,15,4095,4095,4095,4094,0,0,0,0,0,0,4095,4095,4095,4095,0,0,0,0,0,0,4095,4095,4095,4095,0,0,0,0,0,0,4095,4095,4095,4095,0,0,0,0,0,0,4095,4095,4095,4095,0,0,0,0,0,0,0,4095,4095,4095,4088,0,0,0,0,0,0,4095,4095,4095,4095,0,
0,0,0,0,0,4095,4095,4095,4095,0,0,0,0,0,0,4095,4095,4095,4095,0,0,0,0,0,0,4095,4095,4095,4095,0,0,0,0,0,0,4095,4095,4095,4095,0,0,0,0,0,0,4095,4095,4095,4095,0,0,0,0,0,0,4095,4095,4095,4095,0,0,0,0,0,0,0,4095,4095,4095,4095,0,0,0,0,0,0,4095,4095,4095,4095,0,0,0,0,0,0,4095,4095,4095,4095,0,0,0,0,0,0,127,4095,4095,4095,
3584,0,0,0,0,0,0,4095,4095,4095,4095,0,0,0,0,0,0,4095,4095,4095,4095,0,0,0,0,0,4095,4095,4095,4095,0,0,0,0,0,0,3,4095,4095,4095,4094,0,0,0,0,0,0,4095,4095,4095,4095,0,0,0,0,0,0,4095,4095,4095,4095,0,0,0,0,0,0,4095,4095,4095,4095,0,0,0,0,0,0,4095,4095,4095,4095,0,0,0,0,0,0,0,4095,4095,4095,4095,0,0,0,0,0,0,4095,4095,
4095,4095,0,0,0,0,0,0,4095,4095,4095,4095,0,0,0,0,0,0,4095,4095,4095,4095,0,0,0,0,0,0,4095,4095,4095,4095,0,0,0,0,0,0,4095,4095,4095,4095,0,0,0,0,0,0,4095,4095,4095,4095,0,0,0,0,0,0,4095,4095,4095,4095,0,0,0,0,0,0,4095,4095,4095,4095,0,0,0,0,0,0,3,4095,4095,4095,4095,0,0,0,0,0,0,4095,4095,4095,4095,0,0,0,0,0,0,4095,
4095,4095,4095,0,0,0,0,0,0,4095,4095,4095,4095,0,0,0,0,0,0,4095,4095,4095,4095,0,0,0,0,0,4095,4095,4095,4095,0,0,0,0,0,0,4095,4095,4095,4095,0,0,0,0,0,0,4095,4095,4095,4095,0,0,0,0,0,0,4095,4095,4095,4095,0,0,0,0,0,0,4095,4095,4095,4095,0,0,0,0,0,0,4095,4095,4095,4094,0,0,0,0,0,0,4095,4095,4095,4088,0,0,0,0,0,0,4095,4095,
4095,4094,0,0,0,0,0,0,4095,4095,4095,4095,0,0,0,0,0,0,4095,4095,4095,4095,0,0,0,0,0,4095,4095,4095,4095,0,0,0,0,0,0,4095,4095,4095,4095,0,0,0,0,0,0,4095,4095,4095,4095,0,0,0,0,0,0,0,4095,4095,4095,4095,0,0,0,0,0,0,4095,4095,4095,4095,0,0,0,0,0,0,4095,4095,4095,4095,0,0,0,0,0,0,4095,4095,4095,4095,0,0,0,0,0,0,0,4095,
4095,4095,4094,0,0,0,0,0,0,4095,4095,4095,4095,0,0,0,0,0,0,4095,4095,4095,4095,0,0,0,0,0,7,4095,4095,4095,4095,0,0,0,0,0,0,4095,4095,4095,4095,0,0,0,0,0,0,4095,4095,4095,4095,0,0,0,0,0,0,4095,4095,4095,4095,0,0,0,0,0,0,7,4095,4095,4095,4088,0,0,0,0,0,0,4095,4095,4095,4095,0,0,0,0,0,0,4095,4095,4095,4095,0,0,0,0,0,0,
3390,4095,4095,4095,3440,0,0,0,0,0,0,4095,4095,4095,4095,0,0,0,0,0,0,4095,4095,4095,4095,0,0,0,0,0,4095,4095,4095,4095,3460,0,0,0,0,0,0,4095,4095,4095,4095,0,0,0,0,0,0,4095,4095,4095,4095,0,0,0,0,0,0,4095,4095,4095,4095,0,0,0,0,0,0,255,4095,4095,4095,0,0,0,0,0,0,1279,4095,4095,4095,3419,0,0,0,0,0,0,4095,4095,4095,4095,0,0,0,0,
0,0,4095,4095,4095,4095,0,0,0,0,0,0,4095,4095,4095,4095,0,0,0,0,0,0,4095,4095,4095,4095,0,0,0,0,0,4095,4095,4095,4095,0,0,0,0,0,0,4095,4095,4095,4095,0,0,0,0,0,0,4095,4095,4095,4095,0,0,0,0,0,0,4095,4095,4095,4095,0,0,0,0,0,0,4095,4095,4095,4095,0,0,0,0,0,0,0,4095,4095,4095,4095,0,0,0,0,0,0,4095,4095,4095,4095,0,0,0,0,
0,0,4095,4095,4095,4095,0,0,0,0,0,0,63,4095,4095,4095,3968,0,0,0,0,0,0,4095,4095,4095,4095,0,0,0,0,0,4095,4095,4095,4095,0,0,0,0,0,0,0,4095,4095,4095,4032,0,0,0,0,0,0,4095,4095,4095,4095,0,0,0,0,0,0,4095,4095,4095,4095,0,0,0,0,0,0,4095,4095,4095,4095,0,0,0,0,0,0,4095,4095,4095,4095,0,0,0,0,0,0,0,4095,4095,4095,4095,0,0,
197
cnt: 201
deep sleep start
