0,0,0,0,0,0,0,0,0,0,0,0,0,0,0,0,0,0,0,0,0,0,0,0,0,0,0,0,0,0,0,0,0,0,0,0,0,0,0,0,0,0,0,0,0,0,0,0,0,0,0,0,0,0,0,0,0,0,0,0,0,0,0,0,0,0,0,0,0,0,0,0,0,0,0,0,0,0,0,0,0,0,0,0,0,0,0,0,0,0,0,0,0,0,0,0,0,0,0,0,
0,0,0,0,0,0,0,0,0,0,0,0,0,0,0,0,0,0,0,0,0,0,0,0,0,0,0,0,0,0,0,0,0,0,0,0,0,0,0,0,0,0,0,0,0,0,0,0,0,0,0,0,0,0,0,0,0,0,0,0,0,0,0,0,0,0,0,0,0,0,0,0,0,0,0,0,0,0,0,0,0,0,0,0,0,0,0,0,0,0,0,0,0,0,0,0,0,0,0,0,
0,0,0,0,0,0,0,0,0,0,0,0,0,0,0,0,0,0,0,0,0,0,0,0,0,0,0,0,0,0,0,0,0,0,4095,4095,4095,4095,4095,4095,4095,4095,4095,4095,4095,4095,4095,4095,4095,4095,4095,4095,4095,4095,4095,4095,4095,4095,4095,4095,4095,4095,4095,4095,4095,4095,4095,4095,4095,4095,4095,4095,4095,4095,4095,4095,4095,4095,4095,4095,4095,4095,4095,4095,4095,4095,4095,4095,4095,4095,4095,4095,4095,4095,4095,4095,4095,4095,4095,4095,
4095,4095,4095,4095,4095,4095,4095,4095,4095,4095,4095,4095,4095,4095,4095,4095,4095,4095,4095,4095,4095,4095,4095,4095,4095,4095,4095,4095,4095,4095,4095,4095,4095,4095,4095,4095,4095,4095,4095,4095,4095,4095,4095,4095,4095,4095,4095,4095,4095,4095,4095,4095,4095,4095,4095,4095,4095,4095,4095,4095,4095,4095,4095,4095,4095,4095,4095,4095,4095,4095,4095,4095,4095,4095,4095,4095,4095,4095,4095,4095,4095,4095,4095,4095,4095,4095,4095,4095,4095,4095,4095,4095,4095,4095,4095,4095,4095,4095,4095,4095,
4095,4095,4095,4095,4095,4095,4095,4095,4095,4095,4095,4095,4095,4095,4095,4095,4095,4095,4095,4095,4095,4095,4095,4095,4095,4095,4095,4095,4095,4095,4095,4095,4095,4095,4095,4095,4095,4095,4095,4095,4095,4095,4095,4095,4095,4095,4095,4095,4095,4095,4095,4095,4095,4095,4095,4095,4095,4095,4095,4095,4095,4095,4095,4095,4095,4095,4095,4095,4095,4095,4095,4095,4095,4095,4095,4095,4095,4095,4095,4095,4095,4095,4095,4095,4095,4095,4095,4095,4095,4095,4095,4095,4095,4095,4095,4095,4095,4095,4095,4095,
4095,4095,4095,4095,4095,4095,4095,4095,4095,4095,4095,4095,4095,4095,4095,4095,4095,4095,4095,4095,4095,4095,4095,4095,4095,4095,4095,4095,4095,4095,4095,4095,4095,4095,4095,4095,4095,4095,4095,4095,4095,4095,4095,4095,4095,4095,4095,4095,4095,4095,4095,4095,4095,4095,4095,4095,4095,4095,4095,4095,4095,4095,4095,4095,4095,4095,4095,4095,4095,4095,4095,4095,4095,4095,4095,4095,4095,4095,4095,4095,4095,4095,4095,4095,4095,4095,4095,4095,4095,4095,4095,4095,4095,4095,4095,4095,4095,4095,4095,4095,
4095,4095,4095,4095,4095,4095,4095,4095,4095,4095,4095,4095,4095,4095,4095,4095,4095,4095,4095,4095,4095,4095,4095,4095,4095,4095,4095,4095,4095,4095,4095,4095,4095,4095,4095,4095,4095,4095,4095,4095,4095,4095,4095,4095,4095,4095,4095,4095,4095,4095,4095,4095,4095,4095,4095,4095,4095,4095,4095,4095,4095,4095,4095,4095,4095,4095,4095,4095,4095,4095,4095,4095,4095,4095,4095,4095,4095,4095,4095,4095,4095,4095,4095,4095,4095,4095,4095,4095,4095,4095,4095,4095,4095,4095,4095,4095,4095,4095,4095,4095,
4095,4095,4095,4095,4095,4095,4095,4095,4095,4095,4095,4095,4095,4095,4095,4095,4095,4095,4095,4095,4095,4095,4095,4095,4095,4095,4095,4095,4095,4095,4095,4095,4095,4095,4095,4095,4095,4095,4095,4095,4095,4095,4095,4095,4095,4095,4095,4095,4095,4095,4095,4095,4095,4095,4095,4095,4095,4095,4095,4095,4095,4095,4095,4095,4095,4095,4095,4095,4095,4095,4095,4095,4095,4095,4095,4095,4095,4095,4095,4095,4095,4095,4095,4095,4095,4095,4095,4095,4095,4095,4095,4095,4095,4095,4095,4095,4095,4095,4095,4095,
4095,4095,4095,4095,4095,4095,4095,4095,4095,4095,4095,4095,4095,4095,4095,4095,4095,4095,4095,4095,4095,4095,4095,4095,4095,4095,4095,4095,4095,4095,4095,4095,4095,4095,4095,4095,0,4095,0,0,0,0,0,0,0,0,0,0,0,0,0,0,0,0,0,0,0,0,0,0,0,0,0,0,0,0,0,0,0,0,0,0,0,0,0,0,0,0,0,0,0,0,0,0,0,0,0,0,0,0,0,0,0,0,0,0,0,0,0,0,
0,0,0,0,0,0,0,0,0,0,0,0,0,0,0,0,0,0,0,0,0,0,0,0,0,0,0,0,0,0,0,0,0,0,0,0,0,0,0,0,0,0,0,0,0,0,0,0,0,0,0,0,0,0,0,0,0,0,0,0,0,0,0,0,0,0,0,0,0,0,0,0,0,0,0,0,0,0,0,0,0,0,0,0,0,0,0,0,0,0,0,0,0,0,0,0,0,0,0,0,
0,0,0,0,0,0,0,0,0,0,0,0,0,0,0,0,0,0,0,0,0,0,0,0,0,0,0,0,0,0,0,0,0,0,0,0,0,0,0,0,0,0,0,0,0,0,0,0,0,0,0,0,0,0,0,0,0,0,0,0,0,0,0,0,0,0,0,0,0,0,0,0,0,0,0,0,0,0,0,0,0,0,0,0,0,0,0,0,0,0,0,0,0,0,0,0,0,0,0,0,
0,0,0,0,0,0,0,0,0,0,0,0,0,0,0,0,0,0,0,0,0,0,0,0,0,0,0,0,0,0,0,0,0,0,0,0,0,0,0,0,0,0,0,0,0,0,0,0,0,0,0,0,0,0,0,0,0,0,0,0,0,0,0,0,0,0,0,0,0,0,0,0,0,0,0,0,0,0,0,0,0,0,0,0,0,0,0,0,0,0,0,0,0,0,0,0,0,0,0,0,
0,0,0,0,0,0,0,0,0,0,0,0,0,0,0,0,0,0,0,0,0,0,0,0,0,0,4095,4095,4095,4095,4095,4095,4095,4095,4095,4095,4095,4095,4095,4095,4095,4095,4095,4095,4095,4095,4095,4095,4095,4095,4095,4095,4095,4095,4095,4095,4095,4095,4095,4095,4095,4095,4095,4095,4095,4095,4095,4095,4095,4095,4095,4095,4095,4095,4095,4095,4095,4095,4095,4095,4095,4095,4095,4095,4095,4095,4095,4095,4095,4095,4095,4095,4095,4095,4095,4095,4095,4095,4095,4095,
4095,4095,4095,4095,4095,4095,4095,4095,4095,4095,4095,4095,4095,4095,4095,4095,4095,4095,4095,4095,4095,4095,4095,4095,4095,4095,4095,4095,4095,4095,4095,4095,4095,4095,4095,4095,4095,4095,4095,4095,4095,4095,4095,4095,4095,4095,4095,4095,4095,4095,4095,4095,4095,4095,4095,4095,4095,4095,4095,4095,4095,4095,4095,4095,4095,4095,4095,4095,4095,4095,4095,4095,4095,4095,4095,4095,4095,4095,4095,4095,4095,4095,4095,4095,4095,4095,4095,4095,4095,4095,4095,4095,4095,4095,4095,4095,4095,4095,4095,4095,
4095,4095,4095,4095,4095,4095,4095,4095,4095,4095,4095,4095,4095,4095,4095,4095,4095,4095,4095,4095,4095,4095,4095,4095,4095,4095,4095,4095,4095,4095,4095,4095,4095,4095,4095,4095,4095,4095,4095,4095,4095,4095,4095,4095,4095,4095,4095,4095,4095,4095,4095,4095,4095,4095,4095,4095,4095,4095,4095,4095,4095,4095,4095,4095,4095,4095,4095,4095,4095,4095,4095,4095,4095,4095,4095,4095,4095,4095,4095,4095,4095,4095,4095,4095,4095,4095,4095,4095,4095,4095,4095,4095,4095,4095,4095,4095,4095,4095,4095,4095,
4095,4095,4095,4095,4095,4095,4095,4095,4095,4095,4095,4095,4095,4095,4095,4095,4095,4095,4095,4095,4095,4095,4095,4095,4095,4095,4095,4095,4095,4095,4095,4095,4095,4095,4095,4095,4095,4095,4095,4095,4095,4095,4095,4095,4095,4095,4095,4095,4095,4095,4095,4095,4095,4095,4095,4095,4095,4095,4095,4095,4095,4095,4095,4095,4095,4095,4095,4095,4095,4095,4095,4095,4095,4095,4095,4095,4095,4095,4095,4095,4095,4095,4095,4095,4095,4095,4095,4095,4095,4095,4095,4095,4095,4095,4095,4095,4095,4095,4095,4095,
4095,4095,4095,4095,4095,4095,4095,4095,4095,4095,4095,4095,4095,4095,4095,4095,4095,4095,4095,4095,4095,4095,4095,4095,4095,4095,4095,4095,4095,4095,4095,4095,4095,4095,4095,4095,4095,4095,4095,4095,4095,4095,4095,4095,4095,4095,4095,4095,4095,4095,4095,4095,4095,4095,4095,4095,4095,4095,4095,4095,4095,4095,4095,4095,4095,4095,4095,4095,4095,4095,4095,4095,4095,4095,4095,4095,4095,4095,4095,4095,4095,4095,4095,4095,4095,4095,4095,4095,4095,4095,4095,4095,4095,4095,4095,4095,4095,4095,4095,4095,
4095,4095,4095,4095,4095,4095,4095,4095,4095,4095,4095,4095,4095,4095,4095,4095,4095,4095,4095,4095,4095,4095,4095,4095,4095,4095,4095,4095,4095,4095,4095,4095,4095,4095,4095,4095,4095,4095,4095,4095,4095,4095,4095,4095,4095,4095,4095,4095,4095,4095,4095,4095,4095,4095,4095,4095,4095,4095,4095,4095,4095,4095,4095,4095,4095,4095,4095,4095,4095,4095,4095,4095,4095,4095,4095,4095,4095,4095,4095,4095,4095,4095,4095,4095,4095,4095,4095,4095,4095,4095,4095,4095,4095,4095,4095,4095,4095,4095,4095,4095,
4095,4095,4095,4095,4095,4095,4095,4095,4095,4095,4095,4095,4095,4095,4095,4095,4095,4095,4095,4095,4095,4095,4095,4095,4095,4095,4095,4095,0,4095,0,0,0,0,0,0,0,0,0,0,0,0,0,0,0,0,0,0,0,0,0,0,0,0,0,0,0,0,0,0,0,0,0,0,0,0,0,0,0,0,0,0,0,0,0,0,0,0,0,0,0,0,0,0,0,0,0,0,0,0,0,0,0,0,0,0,0,0,0,0,
0,0,0,0,0,0,0,0,0,0,0,0,0,0,0,0,0,0,0,0,0,0,0,0,0,0,0,0,0,0,0,0,0,0,0,0,0,0,0,0,0,0,0,0,0,0,0,0,0,0,0,0,0,0,0,0,0,0,0,0,0,0,0,0,0,0,0,0,0,0,0,0,0,0,0,0,0,0,0,0,0,0,0,0,0,0,0,0,0,0,0,0,0,0,0,0,0,0,0,0,
0,0,0,0,0,0,0,0,0,0,0,0,0,0,0,0,0,0,0,0,0,0,0,0,0,0,0,0,0,0,0,0,0,0,0,0,0,0,0,0,0,0,0,0,0,0,0,0,0,0,0,0,0,0,0,0,0,0,0,0,0,0,0,0,0,0,0,0,0,0,0,0,0,0,0,0,0,0,0,0,0,0,0,0,0,0,0,0,0,0,0,0,0,0,0,0,0,0,0,0,
0,0,0,0,0,0,0,0,0,0,0,0,0,0,0,0,0,0,0,0,0,0,0,0,0,0,0,0,0,0,0,0,0,0,0,0,0,0,0,0,0,0,0,0,0,0,0,0,0,0,0,0,0,0,0,0,0,0,0,0,0,0,0,0,0,0,0,0,0,0,0,0,0,0,0,0,0,0,0,0,0,0,0,0,0,0,0,0,0,0,0,0,0,0,0,0,0,0,0,0,
0,0,0,0,0,0,0,0,0,0,0,0,0,0,0,0,0,0,4095,4095,4095,4095,4095,4095,4095,4095,4095,4095,4095,4095,4095,4095,4095,4095,4095,4095,4095,4095,4095,4095,4095,4095,4095,4095,4095,4095,4095,4095,4095,4095,4095,4095,4095,4095,4095,4095,4095,4095,4095,4095,4095,4095,4095,4095,4095,4095,4095,4095,4095,4095,4095,4095,4095,4095,4095,4095,4095,4095,4095,4095,4095,4095,4095,4095,4095,4095,4095,4095,4095,4095,4095,4095,4095,4095,4095,4095,4095,4095,4095,4095,
4095,4095,4095,4095,4095,4095,4095,4095,4095,4095,4095,4095,4095,4095,4095,4095,4095,4095,4095,4095,4095,4095,4095,4095,4095,4095,4095,4095,4095,4095,4095,4095,4095,4095,4095,4095,4095,4095,4095,4095,4095,4095,4095,4095,4095,4095,4095,4095,4095,4095,4095,4095,4095,4095,4095,4095,4095,4095,4095,4095,4095,4095,4095,4095,4095,4095,4095,4095,4095,4095,4095,4095,4095,4095,4095,4095,4095,4095,4095,4095,4095,4095,4095,4095,4095,4095,4095,4095,4095,4095,4095,4095,4095,4095,4095,4095,4095,4095,4095,4095,
4095,4095,4095,4095,4095,4095,4095,4095,4095,4095,4095,4095,4095,4095,4095,4095,4095,4095,4095,4095,4095,4095,4095,4095,4095,4095,4095,4095,4095,4095,4095,4095,4095,4095,4095,4095,4095,4095,4095,4095,4095,4095,4095,4095,4095,4095,4095,4095,4095,4095,4095,4095,4095,4095,4095,4095,4095,4095,4095,4095,4095,4095,4095,4095,4095,4095,4095,4095,4095,4095,4095,4095,4095,4095,4095,4095,4095,4095,4095,4095,4095,4095,4095,4095,4095,4095,4095,4095,4095,4095,4095,4095,4095,4095,4095,4095,4095,4095,4095,4095,
4095,4095,4095,4095,4095,4095,4095,4095,4095,4095,4095,4095,4095,4095,4095,4095,4095,4095,4095,4095,4095,4095,4095,4095,4095,4095,4095,4095,4095,4095,4095,4095,4095,4095,4095,4095,4095,4095,4095,4095,4095,4095,4095,4095,4095,4095,4095,4095,4095,4095,4095,4095,4095,4095,4095,4095,4095,4095,4095,4095,4095,4095,4095,4095,4095,4095,4095,4095,4095,4095,4095,4095,4095,4095,4095,4095,4095,4095,4095,4095,4095,4095,4095,4095,4095,4095,4095,4095,4095,4095,4095,4095,4095,4095,4095,4095,4095,4095,4095,4095,
4095,4095,4095,4095,4095,4095,4095,4095,4095,4095,4095,4095,4095,4095,4095,4095,4095,4095,4095,4095,4095,4095,4095,4095,4095,4095,4095,4095,4095,4095,4095,4095,4095,4095,4095,4095,4095,4095,4095,4095,4095,4095,4095,4095,4095,4095,4095,4095,4095,4095,4095,4095,4095,4095,4095,4095,4095,4095,4095,4095,4095,4095,4095,4095,4095,4095,4095,4095,4095,4095,4095,4095,4095,4095,4095,4095,4095,4095,4095,4095,4095,4095,4095,4095,4095,4095,4095,4095,4095,4095,4095,4095,4095,4095,4095,4095,4095,4095,4095,4095,
4095,4095,4095,4095,4095,4095,4095,4095,4095,4095,4095,4095,4095,4095,4095,4095,4095,4095,4095,4095,4095,4095,4095,4095,4095,4095,4095,4095,4095,4095,4095,4095,4095,4095,4095,4095,4095,4095,4095,4095,4095,4095,4095,4095,4095,4095,4095,4095,4095,4095,4095,4095,4095,4095,4095,4095,4095,4095,4095,4095,4095,4095,4095,4095,4095,4095,4095,4095,4095,4095,4095,4095,4095,4095,4095,4095,4095,4095,4095,4095,4095,4095,4095,4095,4095,4095,4095,4095,4095,4095,4095,4095,4095,4095,4095,4095,4095,4095,4095,4095,
4095,4095,4095,4095,4095,4095,4095,4095,4095,4095,4095,4095,4095,4095,4095,4095,4095,4095,4095,4095,4095,4095,0,4095,0,0,0,0,0,0,0,0,0,0,0,0,0,0,0,0,0,0,0,0,0,0,0,0,0,0,0,0,0,0,0,0,0,0,0,0,0,0,0,0,0,0,0,0,0,0,0,0,0,0,0,0,0,0,0,0,0,0,0,0,0,0,0,0,0,0,0,0,0,0,0,0,0,0,0,0,
0,0,0,0,0,0,0,0,0,0,0,0,0,0,0,0,0,0,0,0,0,0,0,0,0,0,0,0,0,0,0,0,0,0,0,0,0,0,0,0,0,0,0,0,0,0,0,0,0,0,0,0,0,0,0,0,0,0,0,0,0,0,0,0,0,0,0,0,0,0,0,0,0,0,0,0,0,0,0,0,0,0,0,0,0,0,0,0,0,0,0,0,0,0,0,0,0,0,0,0,
0,0,0,0,0,0,0,0,0,0,0,0,0,0,0,0,0,0,0,0,0,0,0,0,0,0,0,0,0,0,0,0,0,0,0,0,0,0,0,0,0,0,0,0,0,0,0,0,0,0,0,0,0,0,0,0,0,0,0,0,0,0,0,0,0,0,0,0,0,0,0,0,0,0,0,0,0,0,0,0,0,0,0,0,0,0,0,0,0,0,0,0,0,0,0,0,0,0,0,0,
0,0,0,0,0,0,0,0,0,0,0,0,0,0,0,0,0,0,0,0,0,0,0,0,0,0,0,0,0,0,0,0,0,0,0,0,0,0,0,0,0,0,0,0,0,0,0,0,0,0,0,0,0,0,0,0,0,0,0,0,0,0,0,0,0,0,0,0,0,0,0,0,0,0,0,0,0,0,0,0,0,0,0,0,0,0,0,0,0,0,0,0,0,0,0,0,0,0,0,0,
0,0,0,0,0,0,0,0,0,0,4095,4095,4095,4095,4095,4095,4095,4095,4095,4095,4095,4095,4095,4095,4095,4095,4095,4095,4095,4095,4095,4095,4095,4095,4095,4095,4095,4095,4095,4095,4095,4095,4095,4095,4095,4095,4095,4095,4095,4095,4095,4095,4095,4095,4095,4095,4095,4095,4095,4095,4095,4095,4095,4095,4095,4095,4095,4095,4095,4095,4095,4095,4095,4095,4095,4095,4095,4095,4095,4095,4095,4095,4095,4095,4095,4095,4095,4095,4095,4095,4095,4095,4095,4095,4095,4095,4095,4095,4095,4095,
4095,4095,4095,4095,4095,4095,4095,4095,4095,4095,4095,4095,4095,4095,4095,4095,4095,4095,4095,4095,4095,4095,4095,4095,4095,4095,4095,4095,4095,4095,4095,4095,4095,4095,4095,4095,4095,4095,4095,4095,4095,4095,4095,4095,4095,4095,4095,4095,4095,4095,4095,4095,4095,4095,4095,4095,4095,4095,4095,4095,4095,4095,4095,4095,4095,4095,4095,4095,4095,4095,4095,4095,4095,4095,4095,4095,4095,4095,4095,4095,4095,4095,4095,4095,4095,4095,4095,4095,4095,4095,4095,4095,4095,4095,4095,4095,4095,4095,4095,4095,
4095,4095,4095,4095,4095,4095,4095,4095,4095,4095,4095,4095,4095,4095,4095,4095,4095,4095,4095,4095,4095,4095,4095,4095,4095,4095,4095,4095,4095,4095,4095,4095,4095,4095,4095,4095,4095,4095,4095,4095,4095,4095,4095,4095,4095,4095,4095,4095,4095,4095,4095,4095,4095,4095,4095,4095,4095,4095,4095,4095,4095,4095,4095,4095,4095,4095,4095,4095,4095,4095,4095,4095,4095,4095,4095,4095,4095,4095,4095,4095,4095,4095,4095,4095,4095,4095,4095,4095,4095,4095,4095,4095,4095,4095,4095,4095,4095,4095,4095,4095,
4095,4095,4095,4095,4095,4095,4095,4095,4095,4095,4095,4095,4095,4095,4095,4095,4095,4095,4095,4095,4095,4095,4095,4095,4095,4095,4095,4095,4095,4095,4095,4095,4095,4095,4095,4095,4095,4095,4095,4095,4095,4095,4095,4095,4095,4095,4095,4095,4095,4095,4095,4095,4095,4095,4095,4095,4095,4095,4095,4095,4095,4095,4095,4095,4095,4095,4095,4095,4095,4095,4095,4095,4095,4095,4095,4095,4095,4095,4095,4095,4095,4095,4095,4095,4095,4095,4095,4095,4095,4095,4095,4095,4095,4095,4095,4095,4095,4095,4095,4095,
4095,4095,4095,4095,4095,4095,4095,4095,4095,4095,4095,4095,4095,4095,4095,4095,4095,4095,4095,4095,4095,4095,4095,4095,4095,4095,4095,4095,4095,4095,4095,4095,4095,4095,4095,4095,4095,4095,4095,4095,4095,4095,4095,4095,4095,4095,4095,4095,4095,4095,4095,4095,4095,4095,4095,4095,4095,4095,4095,4095,4095,4095,4095,4095,4095,4095,4095,4095,4095,4095,4095,4095,4095,4095,4095,4095,4095,4095,4095,4095,4095,4095,4095,4095,4095,4095,4095,4095,4095,4095,4095,4095,4095,4095,4095,4095,4095,4095,4095,4095,
4095,4095,4095,4095,4095,4095,4095,4095,4095,4095,4095,4095,4095,4095,4095,4095,4095,4095,4095,4095,4095,4095,4095,4095,4095,4095,4095,4095,4095,4095,4095,4095,4095,4095,4095,4095,4095,4095,4095,4095,4095,4095,4095,4095,4095,4095,4095,4095,4095,4095,4095,4095,4095,4095,4095,4095,4095,4095,4095,4095,4095,4095,4095,4095,4095,4095,4095,4095,4095,4095,4095,4095,4095,4095,4095,4095,4095,4095,4095,4095,4095,4095,4095,4095,4095,4095,4095,4095,4095,4095,4095,4095,4095,4095,4095,4095,4095,4095,4095,4095,
4095,4095,4095,4095,4095,4095,4095,4095,4095,4095,4095,4095,4095,4095,0,4095,0,0,0,0,0,0,0,0,0,0,0,0,0,0,0,0,0,0,0,0,0,0,0,0,0,0,0,0,0,0,0,0,0,0,0,0,0,0,0,0,0,0,0,0,0,0,0,0,0,0,0,0,0,0,0,0,0,0,0,0,0,0,0,0,0,0,0,0,0,0,0,0,0,0,0,0,0,0,0,0,0,0,0,0,
0,0,0,0,0,0,0,0,0,0,0,0,0,0,0,0,0,0,0,0,0,0,0,0,0,0,0,0,0,0,0,0,0,0,0,0,0,0,0,0,0,0,0,0,0,0,0,0,0,0,0,0,0,0,0,0,0,0,0,0,0,0,0,0,0,0,0,0,0,0,0,0,0,0,0,0,0,0,0,0,0,0,0,0,0,0,0,0,0,0,0,0,0,0,0,0,0,0,0,0,
0,0,0,0,0,0,0,0,0,0,0,0,0,0,0,0,0,0,0,0,0,0,0,0,0,0,0,0,0,0,0,0,0,0,0,0,0,0,0,0,0,0,0,0,0,0,0,0,0,0,0,0,0,0,0,0,0,0,0,0,0,0,0,0,0,0,0,0,0,0,0,0,0,0,0,0,0,0,0,0,0,0,0,0,0,0,0,0,0,0,0,0,0,0,0,0,0,0,0,0,
0,0,0,0,0,0,0,0,0,0,0,0,0,0,0,0,0,0,0,0,0,0,0,0,0,0,0,0,0,0,0,0,0,0,0,0,0,0,0,0,0,0,0,0,0,0,0,0,0,0,0,0,0,0,0,0,0,0,0,0,0,0,0,0,0,0,0,0,0,0,0,0,0,0,0,0,0,0,0,0,0,0,0,0,0,0,0,0,0,0,0,0,0,0,0,0,0,0,0,0,
0,0,4095,4095,4095,4095,4095,4095,4095,4095,4095,4095,4095,4095,4095,4095,4095,4095,4095,4095,4095,4095,4095,4095,4095,4095,4095,4095,4095,4095,4095,4095,4095,4095,4095,4095,4095,4095,4095,4095,4095,4095,4095,4095,4095,4095,4095,4095,4095,4095,4095,4095,4095,4095,4095,4095,4095,4095,4095,4095,4095,4095,4095,4095,4095,4095,4095,4095,4095,4095,4095,4095,4095,4095,4095,4095,4095,4095,4095,4095,4095,4095,4095,4095,4095,4095,4095,4095,4095,4095,4095,4095,4095,4095,4095,4095,4095,4095,4095,4095,
4095,4095,4095,4095,4095,4095,4095,4095,4095,4095,4095,4095,4095,4095,4095,4095,4095,4095,4095,4095,4095,4095,4095,4095,4095,4095,4095,4095,4095,4095,4095,4095,4095,4095,4095,4095,4095,4095,4095,4095,4095,4095,4095,4095,4095,4095,4095,4095,4095,4095,4095,4095,4095,4095,4095,4095,4095,4095,4095,4095,4095,4095,4095,4095,4095,4095,4095,4095,4095,4095,4095,4095,4095,4095,4095,4095,4095,4095,4095,4095,4095,4095,4095,4095,4095,4095,4095,4095,4095,4095,4095,4095,4095,4095,4095,4095,4095,4095,4095,4095,
4095,4095,4095,4095,4095,4095,4095,4095,4095,4095,4095,4095,4095,4095,4095,4095,4095,4095,4095,4095,4095,4095,4095,4095,4095,4095,4095,4095,4095,4095,4095,4095,4095,4095,4095,4095,4095,4095,4095,4095,4095,4095,4095,4095,4095,4095,4095,4095,4095,4095,4095,4095,4095,4095,4095,4095,4095,4095,4095,4095,4095,4095,4095,4095,4095,4095,4095,4095,4095,4095,4095,4095,4095,4095,4095,4095,4095,4095,4095,4095,4095,4095,4095,4095,4095,4095,4095,4095,4095,4095,4095,4095,4095,4095,4095,4095,4095,4095,4095,4095,
4095,4095,4095,4095,4095,4095,4095,4095,4095,4095,4095,4095,4095,4095,4095,4095,4095,4095,4095,4095,4095,4095,4095,4095,4095,4095,4095,4095,4095,4095,4095,4095,4095,4095,4095,4095,4095,4095,4095,4095,4095,4095,4095,4095,4095,4095,4095,4095,4095,4095,4095,4095,4095,4095,4095,4095,4095,4095,4095,4095,4095,4095,4095,4095,4095,4095,4095,4095,4095,4095,4095,4095,4095,4095,4095,4095,4095,4095,4095,4095,4095,4095,4095,4095,4095,4095,4095,4095,4095,4095,4095,4095,4095,4095,4095,4095,4095,4095,4095,4095,
4095,4095,4095,4095,4095,4095,4095,4095,4095,4095,4095,4095,4095,4095,4095,4095,4095,4095,4095,4095,4095,4095,4095,4095,4095,4095,4095,4095,4095,4095,4095,4095,4095,4095,4095,4095,4095,4095,4095,4095,4095,4095,4095,4095,4095,4095,4095,4095,4095,4095,4095,4095,4095,4095,4095,4095,4095,4095,4095,4095,4095,4095,4095,4095,4095,4095,4095,4095,4095,4095,4095,4095,4095,4095,4095,4095,4095,4095,4095,4095,4095,4095,4095,4095,4095,4095,4095,4095,4095,4095,4095,4095,4095,4095,4095,4095,4095,4095,4095,4095,
4095,4095,4095,4095,4095,4095,4095,4095,4095,4095,4095,4095,4095,4095,4095,4095,4095,4095,4095,4095,4095,4095,4095,4095,4095,4095,4095,4095,4095,4095,4095,4095,4095,4095,4095,4095,4095,4095,4095,4095,4095,4095,4095,4095,4095,4095,4095,4095,4095,4095,4095,4095,4095,4095,4095,4095,4095,4095,4095,4095,4095,4095,4095,4095,4095,4095,4095,4095,4095,4095,4095,4095,4095,4095,4095,4095,4095,4095,4095,4095,4095,4095,4095,4095,4095,4095,4095,4095,4095,4095,4095,4095,4095,4095,4095,4095,4095,4095,4095,4095,
4095,4095,4095,4095,4095,4095,0,4095,0,0,0,0,0,0,0,0,0,0,0,0,0,0,0,0,0,0,0,0,0,0,0,0,0,0,0,0,0,0,0,0,0,0,0,0,0,0,0,0,0,0,0,0,0,0,0,0,0,0,0,0,0,0,0,0,0,0,0,0,0,0,0,0,0,0,0,0,0,0,0,0,0,0,0,0,0,0,0,0,0,0,0,0,0,0,0,0,0,0,0,0,
0,0,0,0,0,0,0,0,0,0,0,0,0,0,0,0,0,0,0,0,0,0,0,0,0,0,0,0,0,0,0,0,0,0,0,0,0,0,0,0,0,0,0,0,0,0,0,0,0,0,0,0,0,0,0,0,0,0,0,0,0,0,0,0,0,0,0,0,0,0,0,0,0,0,0,0,0,0,0,0,0,0,0,0,0,0,0,0,0,0,0,0,0,0,0,0,0,0,0,0,
0,0,0,0,0,0,0,0,0,0,0,0,0,0,0,0,0,0,0,0,0,0,0,0,0,0,0,0,0,0,0,0,0,0,0,0,0,0,0,0,0,0,0,0,0,0,0,0,0,0,0,0,0,0,0,0,0,0,0,0,0,0,0,0,0,0,0,0,0,0,0,0,0,0,0,0,0,0,0,0,0,0,0,0,0,0,0,0,0,0,0,0,0,0,0,0,0,0,0,0,
0,0,0,0,0,0,0,0,0,0,0,0,0,0,0,0,0,0,0,0,0,0,0,0,0,0,0,0,0,0,0,0,0,0,0,0,0,0,0,0,0,0,0,0,0,0,0,0,0,0,0,0,0,0,0,0,0,0,0,0,0,0,0,0,0,0,0,0,0,0,0,0,0,0,0,0,0,0,0,0,0,0,0,0,0,0,0,0,0,0,0,0,0,0,4095,4095,4095,4095,4095,4095,
4095,4095,4095,4095,4095,4095,4095,4095,4095,4095,4095,4095,4095,4095,4095,4095,4095,4095,4095,4095,4095,4095,4095,4095,4095,4095,4095,4095,4095,4095,4095,4095,4095,4095,4095,4095,4095,4095,4095,4095,4095,4095,4095,4095,4095,4095,4095,4095,4095,4095,4095,4095,4095,4095,4095,4095,4095,4095,4095,4095,4095,4095,4095,4095,4095,4095,4095,4095,4095,4095,4095,4095,4095,4095,4095,4095,4095,4095,4095,4095,4095,4095,4095,4095,4095,4095,4095,4095,4095,4095,4095,4095,4095,4095,4095,4095,4095,4095,4095,4095,
4095,4095,4095,4095,4095,4095,4095,4095,4095,4095,4095,4095,4095,4095,4095,4095,4095,4095,4095,4095,4095,4095,4095,4095,4095,4095,4095,4095,4095,4095,4095,4095,4095,4095,4095,4095,4095,4095,4095,4095,4095,4095,4095,4095,4095,4095,4095,4095,4095,4095,4095,4095,4095,4095,4047,4095,4095,4095,4095,4095,4095,4095,4095,4095,4095,4095,4095,4095,4095,4095,4095,4095,4095,4095,4095,4095,4095,4095,4095,4095,4095,4095,4095,4095,4095,4095,4095,4095,4095,4095,4095,4095,4095,4095,4095,4095,4095,4095,4095,4095,
4095,4095,4095,4095,4095,4095,4095,4095,4095,4095,4095,4095,4095,4095,4095,4095,4095,4095,4095,4095,4095,4095,4095,4095,4095,4095,4095,4095,4095,4095,4095,4095,4095,4095,4095,4095,4095,4095,4095,4095,4095,4095,4095,4095,4095,4095,4095,4095,4095,4095,4095,4095,4095,4095,4095,4095,4095,4095,4095,4095,4095,4095,4095,4095,4095,4095,4095,4095,4095,4095,4095,4095,4095,4095,4095,4095,4095,4095,4095,4095,4095,4095,4095,4095,4095,4095,4095,4095,4095,4095,4095,4095,4095,4095,4095,4095,4095,4095,4095,4095,
4095,4095,4095,4095,4095,4095,4095,4095,4095,4095,4095,4095,4095,4095,4095,4095,4095,4095,4095,4095,4095,4095,4095,4095,4095,4095,4095,4095,4095,4095,4095,4095,4095,4095,4095,4095,4095,4095,4095,4095,4095,4095,4095,4095,4095,4095,4095,4095,4095,4095,4095,4095,4095,4095,4095,4095,4095,4095,4095,4095,4095,4095,4095,4095,4095,4095,4095,4095,4095,4095,4095,4095,4095,4095,4095,4095,4095,4095,4095,4095,4095,4095,4095,4095,4095,4095,4095,4095,4095,4095,4095,4095,4095,4095,4095,4095,4095,4095,4095,4095,
4095,4095,4095,4095,4095,4095,4095,4095,4095,4095,4095,4095,4095,4095,4095,4095,4095,4095,4095,4095,4095,4095,4095,4095,4095,4095,4095,4095,4095,4095,4095,4095,4095,4095,4095,4095,4095,4095,4095,4095,4095,4095,4095,4095,4095,4095,4095,4095,4095,4095,4095,4095,4095,4095,4095,4095,4095,4095,4095,4095,4095,4095,4095,4095,4095,4095,4095,4095,4095,4095,4095,4095,4095,4095,4095,4095,4095,4095,4095,4095,4095,4095,4095,4095,4095,4095,4095,4095,4095,4095,4095,4095,4095,4095,4095,4095,4095,4095,4095,4095,
4095,4095,4095,4095,4095,4095,4095,4095,4095,4095,4095,4095,4095,4095,4095,4095,4095,4095,4095,4095,4095,4095,4095,4095,4095,4095,4095,4095,4095,4095,4095,4095,4095,4095,4095,4095,4095,4095,4095,4095,4095,4095,4095,4095,4095,4095,4095,4095,4095,4095,4095,4095,4095,4095,4095,4095,4095,4095,4095,4095,4095,4095,4095,4095,4095,4095,4095,4095,4095,4095,4095,4095,4095,4095,4095,4095,4095,4095,4095,4095,4095,4095,4095,4095,4095,4095,4095,4095,4095,4095,4095,4095,4095,4095,4095,4095,4095,4095,0,4095,
0,0,0,0,0,0,0,0,0,0,0,0,0,0,0,0,0,0,0,0,0,0,0,0,0,0,0,0,0,0,0,0,0,0,0,0,0,0,0,0,0,0,0,0,0,0,0,0,0,0,0,0,0,0,0,0,0,0,0,0,0,0,0,0,0,0,0,0,0,0,0,0,0,0,0,0,0,0,0,0,0,0,0,0,0,0,0,0,0,0,0,0,0,0,0,0,0,0,0,0,
0,0,0,0,0,0,0,0,0,0,0,0,0,0,0,0,0,0,0,0,0,0,0,0,0,0,0,0,0,0,0,0,0,0,0,0,0,0,0,0,0,0,0,0,0,0,0,0,0,0,0,0,0,0,0,0,0,0,0,0,0,0,0,0,0,0,0,0,0,0,0,0,0,0,0,0,0,0,0,0,0,0,0,0,0,0,0,0,0,0,0,0,0,0,0,0,0,0,0,0,
0,0,0,0,0,0,0,0,0,0,0,0,0,0,0,0,0,0,0,0,0,0,0,0,0,0,0,0,0,0,0,0,0,0,0,0,0,0,0,0,0,0,0,0,0,0,0,0,0,0,0,0,0,0,0,0,0,0,0,0,0,0,0,0,0,0,0,0,0,0,0,0,0,0,0,0,0,0,0,0,0,0,0,0,0,0,0,0,0,0,0,0,0,0,0,0,0,0,0,0,
0,0,0,0,0,0,0,0,0,0,0,0,0,0,0,0,0,0,0,0,0,0,0,0,0,0,0,0,0,0,0,0,0,0,0,0,0,0,0,0,0,0,0,0,0,0,0,0,0,0,0,0,0,0,0,0,0,0,0,0,0,0,0,0,0,0,0,0,0,0,0,0,0,0,0,0,0,0,0,0,0,0,0,0,0,0,4095,4095,4095,4095,4095,4095,4095,4095,4095,4095,4095,4095,4095,4095,
4095,4095,4095,4095,4095,4095,4095,4095,4095,4095,4095,4095,4095,4095,4095,4095,4095,4095,4095,4095,4095,4095,4095,4095,4095,4095,4095,4095,4095,4095,4095,4095,4095,4095,4095,4095,4095,4095,4095,4095,4095,4095,4095,4095,4095,4095,4095,4095,4095,4095,4095,4095,4095,4095,4095,4095,4095,4095,4095,4095,4095,4095,4095,4095,4095,4095,4095,4095,4095,4095,4095,4095,4095,4095,4095,4095,4095,4095,4095,4095,4095,4095,4095,4095,4095,4095,4095,4095,4095,4095,4095,4095,4095,4095,4095,4095,4095,4095,4095,4095,
4095,4095,4095,4095,4095,4095,4095,4095,4095,4095,4095,4095,4095,4095,4095,4095,4095,4095,4095,4095,4095,4095,4095,4095,4095,4095,4095,4095,4095,4095,4095,4095,4095,4095,4095,4095,4095,4095,4095,4095,4095,4095,4095,4095,4095,4095,4095,4095,4095,4095,4095,4095,4095,4095,4095,4095,4095,4095,4095,4095,4095,4095,4095,4095,4095,4095,4095,4095,4095,4095,4095,4095,4095,4095,4095,4095,4095,4095,4095,4095,4095,4095,4095,4095,4095,4095,4095,4095,4095,4095,4095,4095,4095,4095,4095,4095,4095,4095,4095,4095,
4095,4095,4095,4095,4095,4095,4095,4095,4095,4095,4095,4095,4095,4095,4095,4095,4095,4095,4095,4095,4095,4095,4095,4095,4095,4095,4095,4095,4095,4095,4095,4095,4095,4095,4095,4095,4095,4095,4095,4095,4095,4095,4095,4095,4095,4095,4095,4095,4095,4095,4095,4095,4095,4095,4095,4095,4095,4095,4095,4095,4095,4095,4095,4095,4095,4095,4095,4095,4095,4095,4095,4095,4095,4095,4095,4095,4095,4095,4095,4095,4095,4095,4095,4095,4095,4095,4095,4095,4095,4095,4095,4095,4095,4095,4095,4095,4095,4095,4095,4095,
4095,4095,4095,4095,4095,4095,4095,4095,4095,4095,4095,4095,4095,4095,4095,4095,4095,4095,4095,4095,4095,4095,4095,4095,4095,4095,4095,4095,4095,4095,4095,4095,4095,4095,4095,4095,4095,4095,4095,4095,4095,4095,4095,4095,4095,4095,4095,4095,4095,4095,4095,4095,4095,4095,4095,4095,4095,4095,4095,4095,4095,4095,4095,4095,4095,4095,4095,4095,4095,4095,4095,4095,4095,4095,4095,4095,4095,4095,4095,4095,4095,4095,4095,4095,4095,4095,4095,4095,4095,4095,4095,4095,4095,4095,4095,4095,4095,4095,4095,4095,
4095,4095,4095,4095,4095,4095,4095,4095,4095,4095,4095,4095,4095,4095,4095,4095,4095,4095,4095,4095,4095,4095,4095,4095,4095,4095,4095,4095,4095,4095,4095,4095,4095,4095,4095,4095,4095,4095,4095,4095,4095,4095,4095,4095,4095,4095,4095,4095,4095,4095,4095,4095,4095,4095,4095,4095,4095,4095,4095,4095,4095,4095,4095,4095,4095,4095,4095,4095,4095,4095,4095,4095,4095,4095,4095,4095,4095,4095,4095,4095,4095,4095,4095,4095,4095,4095,4095,4095,4095,4095,4095,4095,4095,4095,4095,4095,4095,4095,4095,4095,
4095,4095,4095,4095,4095,4095,4095,4095,4095,4095,4095,4095,4095,4095,4095,4095,4095,4095,4095,4095,4095,4095,4095,4095,4095,4095,4095,4095,4095,4095,4095,4095,4095,4095,4095,4095,4095,4095,4095,4095,4095,4095,4095,4095,4095,4095,4095,4095,4095,4095,4095,4095,4095,4095,4095,4095,4095,4095,4095,4095,4095,4095,4095,4095,4095,4095,4095,4095,4095,4095,4095,4095,4095,4095,4095,4095,4095,4095,4095,4095,4095,4095,4095,4095,4095,4095,4095,4095,4095,4095,0,4095,0,0,0,0,0,0,0,0,
0,0,0,0,0,0,0,0,0,0,0,0,0,0,0,0,0,0,0,0,0,0,0,0,0,0,0,0,0,0,0,0,0,0,0,0,0,0,0,0,0,0,0,0,0,0,0,0,0,0,0,0,0,0,0,0,0,0,0,0,0,0,0,0,0,0,0,0,0,0,0,0,0,0,0,0,0,0,0,0,0,0,0,0,0,0,0,0,0,0,0,0,0,0,0,0,0,0,0,0,
0,0,0,0,0,0,0,0,0,0,0,0,0,0,0,0,0,0,0,0,0,0,0,0,0,0,0,0,0,0,0,0,0,0,0,0,0,0,0,0,0,0,0,0,0,0,0,0,0,0,0,0,0,0,0,0,0,0,0,0,0,0,0,0,0,0,0,0,0,0,0,0,0,0,0,0,0,0,0,0,0,0,0,0,0,0,0,0,0,0,0,0,0,0,0,0,0,0,0,0,
0,0,0,0,0,0,0,0,0,0,0,0,0,0,0,0,0,0,0,0,0,0,0,0,0,0,0,0,0,0,0,0,0,0,0,0,0,0,0,0,0,0,0,0,0,0,0,0,0,0,0,0,0,0,0,0,0,0,0,0,0,0,0,0,0,0,0,0,0,0,0,0,0,0,0,0,0,0,0,0,0,0,0,0,0,0,0,0,0,0,0,0,0,0,0,0,0,0,0,0,
0,0,0,0,0,0,0,0,0,0,0,0,0,0,0,0,0,0,0,0,0,0,0,0,0,0,0,0,0,0,0,0,0,0,0,0,0,0,0,0,0,0,0,0,0,0,0,0,0,0,0,0,0,0,0,0,0,0,0,0,0,0,0,0,0,0,0,0,0,0,0,0,0,0,0,0,0,0,4095,4095,4095,4095,4095,4095,4095,4095,4095,4095,4095,4095,4095,4095,4095,4095,4095,4095,4095,4095,4095,4095,
4095,4095,4095,4095,4095,4095,4095,4095,4095,4095,4095,4095,4095,4095,4095,4095,4095,4095,4095,4095,4095,4095,4095,4095,4095,4095,4095,4095,4095,4095,4095,4095,4095,4095,4095,4095,4095,4095,4095,4095,4095,4095,4095,4095,4095,4095,4095,4095,4095,4095,4095,4095,4095,4095,4095,4095,4095,4095,4095,4095,4095,4095,4095,4095,4095,4095,4095,4095,4095,4095,4095,4095,4095,4095,4095,4095,4095,4095,4095,4095,4095,4095,4095,4095,4095,4095,4095,4095,4095,4095,4095,4095,4095,4095,4095,4095,4095,4095,4095,4095,
4095,4095,4095,4095,4095,4095,4095,4095,4095,4095,4095,4095,4095,4095,4095,4095,4095,4095,4095,4095,4095,4095,4095,4095,4095,4095,4095,4095,4095,4095,4095,4095,4095,4095,4095,4095,4095,4095,4095,4095,4095,4095,4095,4095,4095,4095,4095,4095,4095,4095,4095,4095,4095,4095,4095,4095,4095,4095,4095,4095,4095,4095,4095,4095,4095,4095,4095,4095,4095,4095,4095,4095,4095,4095,4095,4095,4095,4095,4095,4095,4095,4095,4095,4095,4095,4095,4095,4095,4095,4095,4095,4095,4095,4095,4095,4095,4095,4095,4095,4095,
4095,4095,4095,4095,4095,4095,4095,4095,4095,4095,4095,4095,4095,4095,4095,4095,4095,4095,4095,4095,4095,4095,4095,4095,4095,4095,4095,4095,4095,4095,4095,4095,4095,4095,4095,4095,4095,4095,4095,4095,4095,4095,4095,4095,4095,4095,4095,4095,4095,4095,4095,4095,4095,4095,4095,4095,4095,4095,4095,4095,4095,4095,4095,4095,4095,4095,4095,4095,4095,4095,4095,4095,4095,4095,4095,4095,4095,4095,4095,4095,4095,4095,4095,4095,4095,4095,4095,4095,4095,4095,4095,4095,4095,4095,4095,4095,4095,4095,4095,4095,
4095,4095,4095,4095,4095,4095,4095,4095,4095,4095,4095,4095,4095,4095,4095,4095,4095,4095,4095,4095,4095,4095,4095,4095,4095,4095,4095,4095,4095,4095,4095,4095,4095,4095,4095,4095,4095,4095,4095,4095,4095,4095,4095,4095,4095,4095,4095,4095,4095,4095,4095,4095,4095,4095,4095,4095,4095,4095,4095,4095,4095,4095,4095,4095,4095,4095,4095,4095,4095,4095,4095,4095,4095,4095,4095,4095,4095,4095,4095,4095,4095,4095,4095,4095,4095,4095,4095,4095,4095,4095,4095,4095,4095,4095,4095,4095,4095,4095,4095,4095,
4095,4095,4095,4095,4095,4095,4095,4095,4095,4095,4095,4095,4095,4095,4095,4095,4095,4095,4095,4095,4095,4095,4095,4095,4095,4095,4095,4095,4095,4095,4095,4095,4095,4095,4095,4095,4095,4095,4095,4095,4095,4095,4095,4095,4095,4095,4095,4095,4095,4095,4095,4095,4095,4095,4095,4095,4095,4095,4095,4095,4095,4095,4095,4095,4095,4095,4095,4095,4095,4095,4095,4095,4095,4095,4095,4095,4095,4095,4095,4095,4095,4095,4095,4095,4095,4095,4095,4095,4095,4095,4095,4095,4095,4095,4095,4095,4095,4095,4095,4095,
4095,4095,4095,4095,4095,4095,4095,4095,4095,4095,4095,4095,4095,4095,4095,4095,4095,4095,4095,4095,4095,4095,4095,4095,4095,4095,4095,4095,4095,4095,4095,4095,4095,4095,4095,4095,4095,4095,4095,4095,4095,4095,4095,4095,4095,4095,4095,4095,4095,4095,4095,4095,4095,4095,4095,4095,4095,4095,4095,4095,4095,4095,4095,4095,4095,4095,4095,4095,4095,4095,4095,4095,4095,4095,4095,4095,4095,4095,4095,4095,4095,4095,0,4095,0,0,0,0,0,0,0,0,0,0,0,0,0,0,0,0,
0,0,0,0,0,0,0,0,0,0,0,0,0,0,0,0,0,0,0,0,0,0,0,0,0,0,0,0,0,0,0,0,0,0,0,0,0,0,0,0,0,0,0,0,0,0,0,0,0,0,0,0,0,0,0,0,0,0,0,0,0,0,0,0,0,0,0,0,0,0,0,0,0,0,0,0,0,0,0,0,0,0,0,0,0,0,0,0,0,0,0,0,0,0,0,0,0,0,0,0,
0,0,0,0,0,0,0,0,0,0,0,0,0,0,0,0,0,0,0,0,0,0,0,0,0,0,0,0,0,0,0,0,0,0,0,0,0,0,0,0,0,0,0,0,0,0,0,0,0,0,0,0,0,0,0,0,0,0,0,0,0,0,0,0,0,0,0,0,0,0,0,0,0,0,0,0,0,0,0,0,0,0,0,0,0,0,0,0,0,0,0,0,0,0,0,0,0,0,0,0,
0,0,0,0,0,0,0,0,0,0,0,0,0,0,0,0,0,0,0,0,0,0,0,0,0,0,0,0,0,0,0,0,0,0,0,0,0,0,0,0,0,0,0,0,0,0,0,0,0,0,0,0,0,0,0,0,0,0,0,0,0,0,0,0,0,0,0,0,0,0,0,0,0,0,0,0,0,0,0,0,0,0,0,0,0,0,0,0,0,0,0,0,0,0,0,0,0,0,0,0,
0,0,0,0,0,0,0,0,0,0,0,0,0,0,0,0,0,0,0,0,0,0,0,0,0,0,0,0,0,0,0,0,0,0,0,0,0,0,0,0,0,0,0,0,0,0,0,0,0,0,0,0,0,0,0,0,0,0,0,0,0,0,0,0,0,0,0,0,0,0,0,0,4095,4095,4095,4095,4095,4095,4095,4095,4095,4095,4095,4095,4095,4095,4095,4095,4095,4095,4095,4095,4095,4095,4095,4095,4095,4095,4095,4095,
4095,4095,4095,4095,4095,4095,4095,4095,4095,4095,4095,4095,4095,4095,4095,4095,4095,4095,4095,4095,4095,4095,4095,4095,4095,4095,4095,4095,4095,4095,4095,4095,4095,4095,4095,4095,4095,4095,4095,4095,4095,4095,4095,4095,4095,4095,4095,4095,4095,4095,4095,4095,4095,4095,4095,4095,4095,4095,4095,4095,4095,4095,4095,4095,4095,4095,4095,4095,4095,4095,4095,4095,4095,4095,4095,4095,4095,4095,4095,4095,4095,4095,4095,4095,4095,4095,4095,4095,4095,4095,4095,4095,4095,4095,4095,4095,4095,4095,4095,4095,
4095,4095,4095,4095,4095,4095,4095,4095,4095,4095,4095,4095,4095,4095,4095,4095,4095,4095,4095,4095,4095,4095,4095,4095,4095,4095,4095,4095,4095,4095,4095,4095,4095,4095,4095,4095,4095,4095,4095,4095,4095,4095,4095,4095,4095,4095,4095,4095,4095,4095,4095,4095,4095,4095,4095,4095,4095,4095,4095,4095,4095,4095,4095,4095,4095,4095,4095,4095,4095,4095,4095,4095,4095,4095,4095,4095,4095,4095,4095,4095,4095,4095,4095,4095,4095,4095,4095,4095,4095,4095,4095,4095,4095,4095,4095,4095,4095,4095,4095,4095,
4095,4095,4095,4095,4095,4095,4095,4095,4095,4095,4095,4095,4095,4095,4095,4095,4095,4095,4095,4095,4095,4095,4095,4095,4095,4095,4095,4095,4095,4095,4095,4095,4095,4095,4095,4095,4095,4095,4095,4095,4095,4095,4095,4095,4095,4095,4095,4095,4095,4095,4095,4095,4095,4095,4095,4095,4095,4095,4095,4095,4095,4095,4095,4095,4095,4095,4095,4095,4095,4095,4095,4095,4095,4095,4095,4095,4095,4095,4095,4095,4095,4095,4095,4095,4095,4095,4095,4095,4095,4095,4095,4095,4095,4095,4095,4095,4095,4095,4095,4095,
4095,4095,4095,4095,4095,4095,4095,4095,4095,4095,4095,4095,4095,4095,4095,4095,4095,4095,4095,4095,4095,4095,4095,4095,4095,4095,4095,4095,4095,4095,4095,4095,4095,4095,4095,4095,4095,4095,4095,4095,4095,4095,4095,4095,4095,4095,4095,4095,4095,4095,4095,4095,4095,4095,4095,4095,4095,4095,4095,4095,4095,4095,4095,4095,4095,4095,4095,4095,4095,4095,4095,4095,4095,4095,4095,4095,4095,4095,4095,4095,4095,4095,4095,4095,4095,4095,4095,4095,4095,4095,4095,4095,4095,4095,4095,4095,4095,4095,4095,4095,
4095,4095,4095,4095,4095,4095,4095,4095,4095,4095,4095,4095,4095,4095,4095,4095,4095,4095,4095,4095,4095,4095,4095,4095,4095,4095,4095,4095,4095,4095,4095,4095,4095,4095,4095,4095,4095,4095,4095,4095,4095,4095,4095,4095,4095,4095,4095,4095,4095,4095,4095,4095,4095,4095,4095,4095,4095,4095,4095,4095,4095,4095,4095,4095,4095,4095,4095,4095,4095,4095,4095,4095,4095,4095,4095,4095,4095,4095,4095,4095,4095,4095,4095,4095,4095,4095,4095,4095,4095,4095,4095,4095,4095,4095,4095,4095,4095,4095,4095,4095,
4095,4095,4095,4095,4095,4095,4095,4095,4095,4095,4095,4095,4095,4095,4095,4095,4095,4095,4095,4095,4095,4095,4095,4095,4095,4095,4095,4095,4095,4095,4095,4095,4095,4095,4095,4095,4095,4095,4095,4095,4095,4095,4095,4095,4095,4095,4095,4095,4095,4095,4095,4095,4095,4095,4095,4095,4095,4095,4095,4095,4095,4095,4095,4095,4095,4095,4095,4095,4095,4095,4095,4095,4095,4095,0,4095,0,0,0,0,0,0,0,0,0,0,0,0,0,0,0,0,0,0,0,0,0,0,0,0,
0,0,0,0,0,0,0,0,0,0,0,0,0,0,0,0,0,0,0,0,0,0,0,0,0,0,0,0,0,0,0,0,0,0,0,0,0,0,0,0,0,0,0,0,0,0,0,0,0,0,0,0,0,0,0,0,0,0,0,0,0,0,0,0,0,0,0,0,0,0,0,0,0,0,0,0,0,0,0,0,0,0,0,0,0,0,0,0,0,0,0,0,0,0,0,0,0,0,0,0,
0,0,0,0,0,0,0,0,0,0,0,0,0,0,0,0,0,0,0,0,0,0,0,0,0,0,0,0,0,0,0,0,0,0,0,0,0,0,0,0,0,0,0,0,0,0,0,0,0,0,0,0,0,0,0,0,0,0,0,0,0,0,0,0,0,0,0,0,0,0,0,0,0,0,0,0,0,0,0,0,0,0,0,0,0,0,0,0,0,0,0,0,0,0,0,0,0,0,0,0,
0,0,0,0,0,0,0,0,0,0,0,0,0,0,0,0,0,0,0,0,0,0,0,0,0,0,0,0,0,0,0,0,0,0,0,0,0,0,0,0,0,0,0,0,0,0,0,0,0,0,0,0,0,0,0,0,0,0,0,0,0,0,0,0,0,0,0,0,0,0,0,0,0,0,0,0,0,0,0,0,0,0,0,0,0,0,0,0,0,0,0,0,0,0,0,0,0,0,0,0,
0,0,0,0,0,0,0,0,0,0,0,0,0,0,0,0,0,0,0,0,0,0,0,0,0,0,0,0,0,0,0,0,0,0,0,0,0,0,0,0,0,0,0,0,0,0,0,0,0,0,0,0,0,0,0,0,0,0,0,0,0,0,0,0,4095,4095,4095,4095,4095,4095,4095,4095,4095,4095,4095,4095,4095,4095,4095,4095,4095,4095,4095,4095,4095,4095,4095,4095,4095,4095,4095,4095,4095,4095,4095,4095,4095,4095,4095,4095,
4095,4095,4095,4095,4095,4095,4095,4095,4095,4095,4095,4095,4095,4095,4095,4095,4095,4095,4095,4095,4095,4095,4095,4095,4095,4095,4095,4095,4095,4095,4095,4095,4095,4095,4095,4095,4095,4095,4095,4095,4095,4095,4095,4095,4095,4095,4095,4095,4095,4095,4095,4095,4095,4095,4095,4095,4095,4095,4095,4095,4095,4095,4095,4095,4095,4095,4095,4095,4095,4095,4095,4095,4095,4095,4095,4095,4095,4095,4095,4095,4095,4095,4095,4095,4095,4095,4095,4095,4095,4095,4095,4095,4095,4095,4095,4095,4095,4095,4095,4095,
4095,4095,4095,4095,4095,4095,4095,4095,4095,4095,4095,4095,4095,4095,4095,4095,4095,4095,4095,4095,4095,4095,4095,4095,4095,4095,4095,4095,4095,4095,4095,4095,4095,4095,4095,4095,4095,4095,4095,4095,4095,4095,4095,4095,4095,4095,4095,4095,4095,4095,4095,4095,4095,4095,4095,4095,4095,4095,4095,4095,4095,4095,4095,4095,4095,4095,4095,4095,4095,4095,4095,4095,4095,4095,4095,4095,4095,4095,4095,4095,4095,4095,4095,4095,4095,4095,4095,4095,4095,4095,4095,4095,4095,4095,4095,4095,4095,4095,4095,4095,
4095,4095,4095,4095,4095,4095,4095,4095,4095,4095,4095,4095,4095,4095,4095,4095,4095,4095,4095,4095,4095,4095,4095,4095,4095,4095,4095,4095,4095,4095,4095,4095,4095,4095,4095,4095,4095,4095,4095,4095,4095,4095,4095,4095,4095,4095,4095,4095,4095,4095,4095,4095,4095,4095,4095,4095,4095,4095,4095,4095,4095,4095,4095,4095,4095,4095,4095,4095,4095,4095,4095,4095,4095,4095,4095,4095,4095,4095,4095,4095,4095,4095,4095,4095,4095,4095,4095,4095,4095,4095,4095,4095,4095,4095,4095,4095,4095,4095,4095,4095,
4095,4095,4095,4095,4095,4095,4095,4095,4095,4095,4095,4095,4095,4095,4095,4095,4095,4095,4095,4095,4095,4095,4095,4095,4095,4095,4095,4095,4095,4095,4095,4095,4095,4095,4095,4095,4095,4095,4095,4095,4095,4095,4095,4095,4095,4095,4095,4095,4095,4095,4095,4095,4095,4095,4095,4095,4095,4095,4095,4095,4095,4095,4095,4095,4095,4095,4095,4095,4095,4095,4095,4095,4095,4095,4095,4095,4095,4095,4095,4095,4095,4095,4095,4095,4095,4095,4095,4095,4095,4095,4095,4095,4095,4095,4095,4095,4095,4095,4095,4095,
4095,4095,4095,4095,4095,4095,4095,4095,4095,4095,4095,4095,4095,4095,4095,4095,4095,4095,4095,4095,4095,4095,4095,4095,4095,4095,4095,4095,4095,4095,4095,4095,4095,4095,4095,4095,4095,4095,4095,4095,4095,4095,4095,4095,4095,4095,4095,4095,4095,4095,4095,4095,4095,4095,4095,4095,4095,4095,4095,4095,4095,4095,4095,4095,4095,4095,4095,4095,4095,4095,4095,4095,4095,4095,4095,4095,4095,4095,4095,4095,4095,4095,4095,4095,4095,4095,4095,4095,4095,4095,4095,4095,4095,4095,4095,4095,4095,4095,4095,4095,
4095,4095,4095,4095,4095,4095,4095,4095,4095,4095,4095,4095,4095,4095,4095,4095,4095,4095,4095,4095,4095,4095,4095,4095,4095,4095,4095,4095,4095,4095,4095,4095,4095,4095,4095,4095,4095,4095,4095,4095,4095,4095,4095,4095,4095,4095,4095,4095,4095,4095,4095,4095,4095,4095,4095,4095,4095,4095,4095,4095,4095,4095,4095,4095,4095,4095,0,4095,0,0,0,0,0,0,0,0,0,0,0,0,0,0,0,0,0,0,0,0,0,0,0,0,0,0,0,0,0,0,0,0,
0,0,0,0,0,0,0,0,0,0,0,0,0,0,0,0,0,0,0,0,0,0,0,0,0,0,0,0,0,0,0,0,0,0,0,0,0,0,0,0,0,0,0,0,0,0,0,0,0,0,0,0,0,0,0,0,0,0,0,0,0,0,0,0,0,0,0,0,0,0,0,0,0,0,0,0,0,0,0,0,0,0,0,0,0,0,0,0,0,0,0,0,0,0,0,0,0,0,0,0,
0,0,0,0,0,0,0,0,0,0,0,0,0,0,0,0,0,0,0,0,0,0,0,0,0,0,0,0,0,0,0,0,0,0,0,0,0,0,0,0,0,0,0,0,0,0,0,0,0,0,0,0,0,0,0,0,0,0,0,0,0,0,0,0,0,0,0,0,0,0,0,0,0,0,0,0,0,0,0,0,0,0,0,0,0,0,0,0,0,0,0,0,0,0,0,0,0,0,0,0,
0,0,0,0,0,0,0,0,0,0,0,0,0,0,0,0,0,0,0,0,0,0,0,0,0,0,0,0,0,0,0,0,0,0,0,0,0,0,0,0,0,0,0,0,0,0,0,0,0,0,0,0,0,0,0,0,0,0,0,0,0,0,0,0,0,0,0,0,0,0,0,0,0,0,0,0,0,0,0,0,0,0,0,0,0,0,0,0,0,0,0,0,0,0,0,0,0,0,0,0,
0,0,0,0,0,0,0,0,0,0,0,0,0,0,0,0,0,0,0,0,0,0,0,0,0,0,0,0,0,0,0,0,0,0,0,0,0,0,0,0,0,0,0,0,0,0,0,0,0,0,0,0,0,0,0,0,4095,4095,4095,4095,4095,4095,4095,4095,4095,4095,4095,4095,4095,4095,4095,4095,4095,4095,4095,4095,4095,4095,4095,4095,4095,4095,4095,4095,4095,4095,4095,4095,4095,4095,4095,4095,4095,4095,4095,4095,4095,4095,4095,4095,
4095,4095,4095,4095,4095,4095,4095,4095,4095,4095,4095,4095,4095,4095,4095,4095,4095,4095,4095,4095,4095,4095,4095,4095,4095,4095,4095,4095,4095,4095,4095,4095,4095,4095,4095,4095,4095,4095,4095,4095,4095,4095,4095,4095,4095,4095,4095,4095,4095,4095,4095,4095,4095,4095,4095,4095,4095,4095,4095,4095,4095,4095,4095,4095,4095,4095,4095,4095,4095,4095,4095,4095,4095,4095,4095,4095,4095,4095,4095,4095,4095,4095,4095,4095,4095,4095,4095,4095,4095,4095,4095,4095,4095,4095,4095,4095,4095,4095,4095,4095,
4095,4095,4095,4095,4095,4095,4095,4095,4095,4095,4095,4095,4095,4095,4095,4095,4095,4095,4095,4095,4095,4095,4095,4095,4095,4095,4095,4095,4095,4095,4095,4095,4095,4095,4095,4095,4095,4095,4095,4095,4095,4095,4095,4095,4095,4095,4095,4095,4095,4095,4095,4095,4095,4095,4095,4095,4095,4095,4095,4095,4095,4095,4095,4095,4095,4095,4095,4095,4095,4095,4095,4095,4095,4095,4095,4095,4095,4095,4095,4095,4095,4095,4095,4095,4095,4095,4095,4095,4095,4095,4095,4095,4095,4095,4095,4095,4095,4095,4095,4095,
4095,4095,4095,4095,4095,4095,4095,4095,4095,4095,4095,4095,4095,4095,4095,4095,4095,4095,4095,4095,4095,4095,4095,4095,4095,4095,4095,4095,4095,4095,4095,4095,4095,4095,4095,4095,4095,4095,4095,4095,4095,4095,4095,4095,4095,4095,4095,4095,4095,4095,4095,4095,4095,4095,4095,4095,4095,4095,4095,4095,4095,4095,4095,4095,4095,4095,4095,4095,4095,4095,4095,4095,4095,4095,4095,4095,4095,4095,4095,4095,4095,4095,4095,4095,4095,4095,4095,4095,4095,4095,4095,4095,4095,4095,4095,4095,4095,4095,4095,4095,
4095,4095,4095,4095,4095,4095,4095,4095,4095,4095,4095,4095,4095,4095,4095,4095,4095,4095,4095,4095,4095,4095,4095,4095,4095,4095,4095,4095,4095,4095,4095,4095,4095,4095,4095,4095,4095,4095,4095,4095,4095,4095,4095,4095,4095,4095,4095,4095,4095,4095,4095,4095,4095,4095,4095,4095,4095,4095,4095,4095,4095,4095,4095,4095,4095,4095,4095,4095,4095,4095,4095,4095,4095,4095,4095,4095,4095,4095,4095,4095,4095,4095,4095,4095,4095,4095,4095,4095,4095,4095,4095,4095,4095,4095,4095,4095,4095,4095,4095,4095,
4095,4095,4095,4095,4095,4095,4095,4095,4095,4095,4095,4095,4095,4095,4095,4095,4095,4095,4095,4095,4095,4095,4095,4095,4095,4095,4095,4095,4095,4095,4095,4095,4095,4095,4095,4095,4095,4095,4095,4095,4095,4095,4095,4095,4095,4095,4095,4095,4095,4095,4095,4095,4095,4095,4095,4095,4095,4095,4095,4095,4095,4095,4095,4095,4095,4095,4095,4095,4095,4095,4095,4095,4095,4095,4095,4095,4095,4095,4095,4095,4095,4095,4095,4095,4095,4095,4095,4095,4095,4095,4095,4095,4095,4095,4095,4095,4095,4095,4095,4095,
4095,4095,4095,4095,4095,4095,4095,4095,4095,4095,4095,4095,4095,4095,4095,4095,4095,4095,4095,4095,4095,4095,4095,4095,4095,4095,4095,4095,4095,4095,4095,4095,4095,4095,4095,4095,4095,4095,4095,4095,4095,4095,4095,4095,4095,4095,4095,4095,4095,4095,4095,4095,4095,4095,4095,4095,4095,4095,0,4095,0,0,0,0,0,0,0,0,0,0,0,0,0,0,0,0,0,0,0,0,0,0,0,0,0,0,0,0,0,0,0,0,0,0,0,0,0,0,0,0,
0,0,0,0,0,0,0,0,0,0,0,0,0,0,0,0,0,0,0,0,0,0,0,0,0,0,0,0,0,0,0,0,0,0,0,0,0,0,0,0,0,0,0,0,0,0,0,0,0,0,0,0,0,0,0,0,0,0,0,0,0,0,0,0,0,0,0,0,0,0,0,0,0,0,0,0,0,0,0,0,0,0,0,0,0,0,0,0,0,0,0,0,0,0,0,0,0,0,0,0,
0,0,0,0,0,0,0,0,0,0,0,0,0,0,0,0,0,0,0,0,0,0,0,0,0,0,0,0,0,0,0,0,0,0,0,0,0,0,0,0,0,0,0,0,0,0,0,0,0,0,0,0,0,0,0,0,0,0,0,0,0,0,0,0,0,0,0,0,0,0,0,0,0,0,0,0,0,0,0,0,0,0,0,0,0,0,0,0,0,0,0,0,0,0,0,0,0,0,0,0,
0,0,0,0,0,0,0,0,0,0,0,0,0,0,0,0,0,0,0,0,0,0,0,0,0,0,0,0,0,0,0,0,0,0,0,0,0,0,0,0,0,0,0,0,0,0,0,0,0,0,0,0,0,0,0,0,0,0,0,0,0,0,0,0,0,0,0,0,0,0,0,0,0,0,0,0,0,0,0,0,0,0,0,0,0,0,0,0,0,0,0,0,0,0,0,0,0,0,0,0,
0,0,0,0,0,0,0,0,0,0,0,0,0,0,0,0,0,0,0,0,0,0,0,0,0,0,0,0,0,0,0,0,0,0,0,0,0,0,0,0,0,0,0,0,0,0,0,0,4095,4095,4095,4095,4095,4095,4095,4095,4095,4095,4095,4095,4095,4095,4095,4095,4095,4095,4095,4095,4095,4095,4095,4095,4095,4095,4095,4095,4095,4095,4095,4095,4095,4095,4095,4095,4095,4095,4095,4095,4095,4095,4095,4095,4095,4095,4095,4095,4095,4095,4095,4095,
4095,4095,4095,4095,4095,4095,4095,4095,4095,4095,4095,4095,4095,4095,4095,4095,4095,4095,4095,4095,4095,4095,4095,4095,4095,4095,4095,4095,4095,4095,4095,4095,4095,4095,4095,4095,4095,4095,4095,4095,4095,4095,4095,4095,4095,4095,4095,4095,4095,4095,4095,4095,4095,4095,4095,4095,4095,4095,4095,4095,4095,4095,4095,4095,4095,4095,4095,4095,4095,4095,4095,4095,4095,4095,4095,4095,4095,4095,4095,4095,4095,4095,4095,4095,4095,4095,4095,4095,4095,4095,4095,4095,4095,4095,4095,4095,4095,4095,4095,4095,
4095,4095,4095,4095,4095,4095,4095,4095,4095,4095,4095,4095,4095,4095,4095,4095,4095,4095,4095,4095,4095,4095,4095,4095,4095,4095,4095,4095,4095,4095,4095,4095,4095,4095,4095,4095,4095,4095,4095,4095,4095,4095,4095,4095,4095,4095,4095,4095,4095,4095,4095,4095,4095,4095,4095,4095,4095,4095,4095,4095,4095,4095,4095,4095,4095,4095,4095,4095,4095,4095,4095,4095,4095,4095,4095,4095,4095,4095,4095,4095,4095,4095,4095,4095,4095,4095,4095,4095,4095,4095,4095,4095,4095,4095,4095,4095,4095,4095,4095,4095,
4095,4095,4095,4095,4095,4095,4095,4095,4095,4095,4095,4095,4095,4095,4095,4095,4095,4095,4095,4095,4095,4095,4095,4095,4095,4095,4095,4095,4095,4095,4095,4095,4095,4095,4095,4095,4095,4095,4095,4095,4095,4095,4095,4095,4095,4095,4095,4095,4095,4095,4095,4095,4095,4095,4095,4095,4095,4095,4095,4095,4095,4095,4095,4095,4095,4095,4095,4095,4095,4095,4095,4095,4095,4095,4095,4095,4095,4095,4095,4095,4095,4095,4095,4095,4095,4095,4095,4095,4095,4095,4095,4095,4095,4095,4095,4095,4095,4095,4095,4095,
4095,4095,4095,4095,4095,4095,4095,4095,4095,4095,4095,4095,4095,4095,4095,4095,4095,4095,4095,4095,4095,4095,4095,4095,4095,4095,4095,4095,4095,4095,4095,4095,4095,4095,4095,4095,4095,4095,4095,4095,4095,4095,4095,4095,4095,4095,4095,4095,4095,4095,4095,4095,4095,4095,4095,4095,4095,4095,4095,4095,4095,4095,4095,4095,4095,4095,4095,4095,4095,4095,4095,4095,4095,4095,4095,4095,4095,4095,4095,4095,4095,4095,4095,4095,4095,4095,4095,4095,4095,4095,4095,4095,4095,4095,4095,4095,4095,4095,4095,4095,
4095,4095,4095,4095,4095,4095,4095,4095,4095,4095,4095,4095,4095,4095,4095,4095,4095,4095,4095,4095,4095,4095,4095,4095,4095,4095,4095,4095,4095,4095,4095,4095,4095,4095,4095,4095,4095,4095,4095,4095,4095,4095,4095,4095,4095,4095,4095,4095,4095,4095,4095,4095,4095,4095,4095,4095,4095,4095,4095,4095,4095,4095,4095,4095,4095,4095,4095,4095,4095,4095,4095,4095,4095,4095,4095,4095,4095,4095,4095,4095,4095,4095,4095,4095,4095,4095,4095,4095,4095,4095,4095,4095,4095,4095,4095,4095,4095,4095,4095,4095,
4095,4095,4095,4095,4095,4095,4095,4095,4095,4095,4095,4095,4095,4095,4095,4095,4095,4095,4095,4095,4095,4095,4095,4095,4095,4095,4095,4095,4095,4095,4095,4095,4095,4095,4095,4095,4095,4095,4095,4095,4095,4095,4095,4095,4095,4095,4095,4095,4095,4095,0,4095,0,0,0,0,0,0,0,0,0,0,0,0,0,0,0,0,0,0,0,0,0,0,0,0,0,0,0,0,0,0,0,0,0,0,0,0,0,0,0,0,0,0,0,0,0,0,0,0,
0,0,0,0,0,0,0,0,0,0,0,0,0,0,0,0,0,0,0,0,0,0,0,0,0,0,0,0,0,0,0,0,0,0,0,0,0,0,0,0,0,0,0,0,0,0,0,0,0,0,0,0,0,0,0,0,0,0,0,0,0,0,0,0,0,0,0,0,0,0,0,0,0,0,0,0,0,0,0,0,0,0,0,0,0,0,0,0,0,0,0,0,0,0,0,0,0,0,0,0,
0,0,0,0,0,0,0,0,0,0,0,0,0,0,0,0,0,0,0,0,0,0,0,0,0,0,0,0,0,0,0,0,0,0,0,0,0,0,0,0,0,0,0,0,0,0,0,0,0,0,0,0,0,0,0,0,0,0,0,0,0,0,0,0,0,0,0,0,0,0,0,0,0,0,0,0,0,0,0,0,0,0,0,0,0,0,0,0,0,0,0,0,0,0,0,0,0,0,0,0,
0,0,0,0,0,0,0,0,0,0,0,0,0,0,0,0,0,0,0,0,0,0,0,0,0,0,0,0,0,0,0,0,0,0,0,0,0,0,0,0,0,0,0,0,0,0,0,0,0,0,0,0,0,0,0,0,0,0,0,0,0,0,0,0,0,0,0,0,0,0,0,0,0,0,0,0,0,0,0,0,0,0,0,0,0,0,0,0,0,0,0,0,0,0,0,0,0,0,0,0,
0,0,0,0,0,0,0,0,0,0,0,0,0,0,0,0,0,0,0,0,0,0,0,0,0,0,0,0,0,0,0,0,0,0,0,0,0,0,0,0,4095,4095,4095,4095,4095,4095,4095,4095,4095,4095,4095,4095,4095,4095,4095,4095,4095,4095,4095,4095,4095,4095,4095,4095,4095,4095,4095,4095,4095,4095,4095,4095,4095,4095,4095,4095,4095,4095,4095,4095,4095,4095,4095,4095,4095,4095,4095,4095,4095,4095,4095,4095,4095,4095,4095,4095,4095,4095,4095,4095,
4095,4095,4095,4095,4095,4095,4095,4095,4095,4095,4095,4095,4095,4095,4095,4095,4095,4095,4095,4095,4095,4095,4095,4095,4095,4095,4095,4095,4095,4095,4095,4095,4095,4095,4095,4095,4095,4095,4095,4095,4095,4095,4095,4095,4095,4095,4095,4095,4095,4095,4095,4095,4095,4095,4095,4095,4095,4095,4095,4095,4095,4095,4095,4095,4095,4095,4095,4095,4095,4095,4095,4095,4095,4095,4095,4095,4095,4095,4095,4095,4095,4095,4095,4095,4095,4095,4095,4095,4095,4095,4095,4095,4095,4095,4095,4095,4095,4095,4095,4095,
4095,4095,4095,4095,4095,4095,4095,4095,4095,4095,4095,4095,4095,4095,4095,4095,4095,4095,4095,4095,4095,4095,4095,4095,4095,4095,4095,4095,4095,4095,4095,4095,4095,4095,4095,4095,4095,4095,4095,4095,4095,4095,4095,4095,4095,4095,4095,4095,4095,4095,4095,4095,4095,4095,4095,4095,4095,4095,4095,4095,4095,4095,4095,4095,4095,4095,4095,4095,4095,4095,4095,4095,4095,4095,4095,4095,4095,4095,4095,4095,4095,4095,4095,4095,4095,4095,4095,4095,4095,4095,4095,4095,4095,4095,4095,4095,4095,4095,4095,4095,
4095,4095,4095,4095,4095,4095,4095,4095,4095,4095,4095,4095,4095,4095,4095,4095,4095,4095,4095,4095,4095,4095,4095,4095,4095,4095,4095,4095,4095,4095,4095,4095,4095,4095,4095,4095,4095,4095,4095,4095,4095,4095,4095,4095,4095,4095,4095,4095,4095,4095,4095,4095,4095,4095,4095,4095,4095,4095,4095,4095,4095,4095,4095,4095,4095,4095,4095,4095,4095,4095,4095,4095,4095,4095,4095,4095,4095,4095,4095,4095,4095,4095,4095,4095,4095,4095,4095,4095,4095,4095,4095,4095,4095,4095,4095,4095,4095,4095,4095,4095,
4095,4095,4095,4095,4095,4095,4095,4095,4095,4095,4095,4095,4095,4095,4095,4095,4095,4095,4095,4095,4095,4095,4095,4095,4095,4095,4095,4095,4095,4095,4095,4095,4095,4095,4095,4095,4095,4095,4095,4095,4095,4095,4095,4095,4095,4095,4095,4095,4095,4095,4095,4095,4095,4095,4095,4095,4095,4095,4095,4095,4095,4095,4095,4095,4095,4095,4095,4095,4095,4095,4095,4095,4095,4095,4095,4095,4095,4095,4095,4095,4095,4095,4095,4095,4095,4095,4095,4095,4095,4095,4095,4095,4095,4095,4095,4095,4095,4095,4095,4095,
4095,4095,4095,4095,4095,4095,4095,4095,4095,4095,4095,4095,4095,4095,4095,4095,4095,4095,4095,4095,4095,4095,4095,4095,4095,4095,4095,4095,4095,4095,4095,4095,4095,4095,4095,4095,4095,4095,4095,4095,4095,4095,4095,4095,4095,4095,4095,4095,4095,4095,4095,4095,4095,4095,4095,4095,4095,4095,4095,4095,4095,4095,4095,4095,4095,4095,4095,4095,4095,4095,4095,4095,4095,4095,4095,4095,4095,4095,4095,4095,4095,4095,4095,4095,4095,4095,4095,4095,4095,4095,4095,4095,4095,4095,4095,4095,4095,4095,4095,4095,
4095,4095,4095,4095,4095,4095,4095,4095,4095,4095,4095,4095,4095,4095,4095,4095,4095,4095,4095,4095,4095,4095,4095,4095,4095,4095,4095,4095,4095,4095,4095,4095,4095,4095,4095,4095,4095,4095,4095,4095,4095,4095,4095,4095,0,4095,0,0,0,0,0,0,0,0,0,0,0,0,0,0,0,0,0,0,0,0,0,0,0,0,0,0,0,0,0,0,0,0,0,0,0,0,0,0,0,0,0,0,0,0,0,0,0,0,0,0,0,0,0,0,
0,0,0,0,0,0,0,0,0,0,0,0,0,0,0,0,0,0,0,0,0,0,0,0,0,0,0,0,0,0,0,0,0,0,0,0,0,0,0,0,0,0,0,0,0,0,0,0,0,0,0,0,0,0,0,0,0,0,0,0,0,0,0,0,0,0,0,0,0,0,0,0,0,0,0,0,0,0,0,0,0,0,0,0,0,0,0,0,0,0,0,0,0,0,0,0,0,0,0,0,
0,0,0,0,0,0,0,0,0,0,0,0,0,0,0,0,0,0,0,0,0,0,0,0,0,0,0,0,0,0,0,0,0,0,0,0,0,0,0,0,0,0,0,0,0,0,0,0,0,0,0,0,0,0,0,0,0,0,0,0,0,0,0,0,0,0,0,0,0,0,0,0,0,0,0,0,0,0,0,0,0,0,0,0,0,0,0,0,0,0,0,0,0,0,0,0,0,0,0,0,
0,0,0,0,0,0,0,0,0,0,0,0,0,0,0,0,0,0,0,0,0,0,0,0,0,0,0,0,0,0,0,0,0,0,0,0,0,0,0,0,0,0,0,0,0,0,0,0,0,0,0,0,0,0,0,0,0,0,0,0,0,0,0,0,0,0,0,0,0,0,0,0,0,0,0,0,0,0,0,0,0,0,0,0,0,0,0,0,0,0,0,0,0,0,0,0,0,0,0,0,
0,0,0,0,0,0,0,0,0,0,0,0,0,0,0,0,0,0,0,0,0,0,0,0,0,0,0,0,0,0,0,0,4095,4095,4095,4095,4095,4095,4095,4095,4095,4095,4095,4095,4095,4095,4095,4095,4095,4095,4095,4095,4095,4095,4095,4095,4095,4095,4095,4095,4095,4095,4095,4095,4095,4095,4095,4095,4095,4095,4095,4095,4095,4095,4095,4095,4095,4095,4095,4095,4095,4095,4095,4095,4095,4095,4095,4095,4095,4095,4095,4095,4095,4095,4095,4095,4095,4095,4095,4095,
4095,4095,4095,4095,4095,4095,4095,4095,4095,4095,4095,4095,4095,4095,4095,4095,4095,4095,4095,4095,4095,4095,4095,4095,4095,4095,4095,4095,4095,4095,4095,4095,4095,4095,4095,4095,4095,4095,4095,4095,4095,4095,4095,4095,4095,4095,4095,4095,4095,4095,4095,4095,4095,4095,4095,4095,4095,4095,4095,4095,4095,4095,4095,4095,4095,4095,4095,4095,4095,4095,4095,4095,4095,4095,4095,4095,4095,4095,4095,4095,4095,4095,4095,4095,4095,4095,4095,4095,4095,4095,4095,4095,4095,4095,4095,4095,4095,4095,4095,4095,
4095,4095,4095,4095,4095,4095,4095,4095,4095,4095,4095,4095,4095,4095,4095,4095,4095,4095,4095,4095,4095,4095,4095,4095,4095,4095,4095,4095,4095,4095,4095,4095,4095,4095,4095,4095,4095,4095,4095,4095,4095,4095,4095,4095,4095,4095,4095,4095,4095,4095,4095,4095,4095,4095,4095,4095,4095,4095,4095,4095,4095,4095,4095,4095,4095,4095,4095,4095,4095,4095,4095,4095,4095,4095,4095,4095,4095,4095,4095,4095,4095,4095,4095,4095,4095,4095,4095,4095,4095,4095,4095,4095,4095,4095,4095,4095,4095,4095,4095,4095,
4095,4095,4095,4095,4095,4095,4095,4095,4095,4095,4095,4095,4095,4095,4095,4095,4095,4095,4095,4095,4095,4095,4095,4095,4095,4095,4095,4095,4095,4095,4095,4095,4095,4095,4095,4095,4095,4095,4095,4095,4095,4095,4095,4095,4095,4095,4095,4095,4095,4095,4095,4095,4095,4095,4095,4095,4095,4095,4095,4095,4095,4095,4095,4095,4095,4095,4095,4095,4095,4095,4095,4095,4095,4095,4095,4095,4095,4095,4095,4095,4095,4095,4095,4095,4095,4095,4095,4095,4095,4095,4095,4095,4095,4095,4095,4095,4095,4095,4095,4095,
4095,4095,4095,4095,4095,4095,4095,4095,4095,4095,4095,4095,4095,4095,4095,4095,4095,4095,4095,4095,4095,4095,4095,4095,4095,4095,4095,4095,4095,4095,4095,4095,4095,4095,4095,4095,4095,4095,4095,4095,4095,4095,4095,4095,4095,4095,4095,4095,4095,4095,4095,4095,4095,4095,4095,4095,4095,4095,4095,4095,4095,4095,4095,4095,4095,4095,4095,4095,4095,4095,4095,4095,4095,4095,4095,4095,4095,4095,4095,4095,4095,4095,4095,4095,4095,4095,4095,4095,4095,4095,4095,4095,4095,4095,4095,4095,4095,4095,4095,4095,
4095,4095,4095,4095,4095,4095,4095,4095,4095,4095,4095,4095,4095,4095,4095,4095,4095,4095,4095,4095,4095,4095,4095,4095,4095,4095,4095,4095,4095,4095,4095,4095,4095,4095,4095,4095,4095,4095,4095,4095,4095,4095,4095,4095,4095,4095,4095,4095,4095,4095,4095,4095,4095,4095,4095,4095,4095,4095,4095,4095,4095,4095,4095,4095,4095,4095,4095,4095,4095,4095,4095,4095,4095,4095,4095,4095,4095,4095,4095,4095,4095,4095,4095,4095,4095,4095,4095,4095,4095,4095,4095,4095,4095,4095,4095,4095,4095,4095,4095,4095,
4095,4095,4095,4095,4095,4095,4095,4095,4095,4095,4095,4095,4095,4095,4095,4095,4095,4095,4095,4095,4095,4095,4095,4095,4095,4095,4095,4095,4095,4095,4095,4095,4095,4095,4095,4095,0,4095,0,0,0,0,0,0,0,0,0,0,0,0,0,0,0,0,0,0,0,0,0,0,0,0,0,0,0,0,0,0,0,0,0,0,0,0,0,0,0,0,0,0,0,0,0,0,0,0,0,0,0,0,0,0,0,0,0,0,0,0,0,0,
0,0,0,0,0,0,0,0,0,0,0,0,0,0,0,0,0,0,0,0,0,0,0,0,0,0,0,0,0,0,0,0,0,0,0,0,0,0,0,0,0,0,0,0,0,0,0,0,0,0,0,0,0,0,0,0,0,0,0,0,0,0,0,0,0,0,0,0,0,0,0,0,0,0,0,0,0,0,0,0,0,0,0,0,0,0,0,0,0,0,0,0,0,0,0,0,0,0,0,0,
0,0,0,0,0,0,0,0,0,0,0,0,0,0,0,0,0,0,0,0,0,0,0,0,0,0,0,0,0,0,0,0,0,0,0,0,0,0,0,0,0,0,0,0,0,0,0,0,0,0,0,0,0,0,0,0,0,0,0,0,0,0,0,0,0,0,0,0,0,0,0,0,0,0,0,0,0,0,0,0,0,0,0,0,0,0,0,0,0,0,0,0,0,0,0,0,0,0,0,0,
0,0,0,0,0,0,0,0,0,0,0,0,0,0,0,0,0,0,0,0,0,0,0,0,0,0,0,0,0,0,0,0,0,0,0,0,0,0,0,0,0,0,0,0,0,0,0,0,0,0,0,0,0,0,0,0,0,0,0,0,0,0,0,0,0,0,0,0,0,0,0,0,0,0,0,0,0,0,0,0,0,0,0,0,0,0,0,0,0,0,0,0,0,0,0,0,0,0,0,0,
0,0,0,0,0,0,0,0,0,0,0,0,0,0,0,0,0,0,0,0,0,0,0,0,4095,4095,4095,4095,4095,4095,4095,4095,4095,4095,4095,4095,4095,4095,4095,4095,4095,4095,4095,4095,4095,4095,4095,4095,4095,4095,4095,4095,4095,4095,4095,4095,4095,4095,4095,4095,4095,4095,4095,4095,4095,4095,4095,4095,4095,4095,4095,4095,4095,4095,4095,4095,4095,4095,4095,4095,4095,4095,4095,4095,4095,4095,4095,4095,4095,4095,4095,4095,4095,4095,4095,4095,4095,4095,4095,4095,
4095,4095,4095,4095,4095,4095,4095,4095,4095,4095,4095,4095,4095,4095,4095,4095,4095,4095,4095,4095,4095,4095,4095,4095,4095,4095,4095,4095,4095,4095,4095,4095,4095,4095,4095,4095,4095,4095,4095,4095,4095,4095,4095,4095,4095,4095,4095,4095,4095,4095,4095,4095,4095,4095,4095,4095,4095,4095,4095,4095,4095,4095,4095,4095,4095,4095,4095,4095,4095,4095,4095,4095,4095,4095,4095,4095,4095,4095,4095,4095,4095,4095,4095,4095,4095,4095,4095,4095,4095,4095,4095,4095,4095,4095,4095,4095,4095,4095,4095,4095,
4095,4095,4095,4095,4095,4095,4095,4095,4095,4095,4095,4095,4095,4095,4095,4095,4095,4095,4095,4095,4095,4095,4095,4095,4095,4095,4095,4095,4095,4095,4095,4095,4095,4095,4095,4095,4095,4095,4095,4095,4095,4095,4095,4095,4095,4095,4095,4095,4095,4095,4095,4095,4095,4095,4095,4095,4095,4095,4095,4095,4095,4095,4095,4095,4095,4095,4095,4095,4095,4095,4095,4095,4095,4095,4095,4095,4095,4095,4095,4095,4095,4095,4095,4095,4095,4095,4095,4095,4095,4095,4095,4095,4095,4095,4095,4095,4095,4095,4095,4095,
4095,4095,4095,4095,4095,4095,4095,4095,4095,4095,4095,4095,4095,4095,4095,4095,4095,4095,4095,4095,4095,4095,4095,4095,4095,4095,4095,4095,4095,4095,4095,4095,4095,4095,4095,4095,4095,4095,4095,4095,4095,4095,4095,4095,4095,4095,4095,4095,4095,4095,4095,4095,4095,4095,4095,4095,4095,4095,4095,4095,4095,4095,4095,4095,4095,4095,4095,4095,4095,4095,4095,4095,4095,4095,4095,4095,4095,4095,4095,4095,4095,4095,4095,4095,4095,4095,4095,4095,4095,4095,4095,4095,4095,4095,4095,4095,4095,4095,4095,4095,
4095,4095,4095,4095,4095,4095,4095,4095,4095,4095,4095,4095,4095,4095,4095,4095,4095,4095,4095,4095,4095,4095,4095,4095,4095,4095,4095,4095,4095,4095,4095,4095,4095,4095,4095,4095,4095,4095,4095,4095,4095,4095,4095,4095,4095,4095,4095,4095,4095,4095,4095,4095,4095,4095,4095,4095,4095,4095,4095,4095,4095,4095,4095,4095,4095,4095,4095,4095,4095,4095,4095,4095,4095,4095,4095,4095,4095,4095,4095,4095,4095,4095,4095,4095,4095,4095,4095,4095,4095,4095,4095,4095,4095,4095,4095,4095,4095,4095,4095,4095,
4095,4095,4095,4095,4095,4095,4095,4095,4095,4095,4095,4095,4095,4095,4095,4095,4095,4095,4095,4095,4095,4095,4095,4095,4095,4095,4095,4095,4095,4095,4095,4095,4095,4095,4095,4095,4095,4095,4095,4095,4095,4095,4095,4095,4095,4095,4095,4095,4095,4095,4095,4095,4095,4095,4095,4095,4095,4095,4095,4095,4095,4095,4095,4095,4095,4095,4095,4095,4095,4095,4095,4095,4095,4095,4095,4095,4095,4095,4095,4095,4095,4095,4095,4095,4095,4095,4095,4095,4095,4095,4095,4095,4095,4095,4095,4095,4095,4095,4095,4095,
4095,4095,4095,4095,4095,4095,4095,4095,4095,4095,4095,4095,4095,4095,4095,4095,4095,4095,4095,4095,4095,4095,4095,4095,4095,4095,4095,4095,0,4095,0,0,0,0,0,0,0,0,0,0,0,0,0,0,0,0,0,0,0,0,0,0,0,0,0,0,0,0,0,0,0,0,0,0,0,0,0,0,0,0,0,0,0,0,0,0,0,0,0,0,0,0,0,0,0,0,0,0,0,0,0,0,0,0,0,0,0,0,0,0,
0,0,0,0,0,0,0,0,0,0,0,0,0,0,0,0,0,0,0,0,0,0,0,0,0,0,0,0,0,0,0,0,0,0,0,0,0,0,0,0,0,0,0,0,0,0,0,0,0,0,0,0,0,0,0,0,0,0,0,0,0,0,0,0,0,0,0,0,0,0,0,0,0,0,0,0,0,0,0,0,0,0,0,0,0,0,0,0,0,0,0,0,0,0,0,0,0,0,0,0,
0,0,0,0,0,0,0,0,0,0,0,0,0,0,0,0,0,0,0,0,0,0,0,0,0,0,0,0,0,0,0,0,0,0,0,0,0,0,0,0,0,0,0,0,0,0,0,0,0,0,0,0,0,0,0,0,0,0,0,0,0,0,0,0,0,0,0,0,0,0,0,0,0,0,0,0,0,0,0,0,0,0,0,0,0,0,0,0,0,0,0,0,0,0,0,0,0,0,0,0,
0,0,0,0,0,0,0,0,0,0,0,0,0,0,0,0,0,0,0,0,0,0,0,0,0,0,0,0,0,0,0,0,0,0,0,0,0,0,0,0,0,0,0,0,0,0,0,0,0,0,0,0,0,0,0,0,0,0,0,0,0,0,0,0,0,0,0,0,0,0,0,0,0,0,0,0,0,0,0,0,0,0,0,0,0,0,0,0,0,0,0,0,0,0,0,0,0,0,0,0,
0,0,0,0,0,0,0,0,0,0,0,0,0,0,0,0,4095,4095,4095,4095,4095,4095,4095,4095,4095,4095,4095,4095,4095,4095,4095,4095,4095,4095,4095,4095,4095,4095,4095,4095,4095,4095,4095,4095,4095,4095,4095,4095,4095,4095,4095,4095,4095,4095,4095,4095,4095,4095,4095,4095,4095,4095,4095,4095,4095,4095,4095,4095,4095,4095,4095,4095,4095,4095,4095,4095,4095,4095,4095,4095,4095,4095,4095,4095,4095,4095,4095,4095,4095,4095,4095,4095,4095,4095,4095,4095,4095,4095,4095,4095,
4095,4095,4095,4095,4095,4095,4095,4095,4095,4095,4095,4095,4095,4095,4095,4095,4095,4095,4095,4095,4095,4095,4095,4095,4095,4095,4095,4095,4095,4095,4095,4095,4095,4095,4095,4095,4095,4095,4095,4095,4095,4095,4095,4095,4095,4095,4095,4095,4095,4095,4095,4095,4095,4095,4095,4095,4095,4095,4095,4095,4095,4095,4095,4095,4095,4095,4095,4095,4095,4095,4095,4095,4095,4095,4095,4095,4095,4095,4095,4095,4095,4095,4095,4095,4095,4095,4095,4095,4095,4095,4095,4095,4095,4095,4095,4095,4095,4095,4095,4095,
4095,4095,4095,4095,4095,4095,4095,4095,4095,4095,4095,4095,4095,4095,4095,4095,4095,4095,4095,4095,4095,4095,4095,4095,4095,4095,4095,4095,4095,4095,4095,4095,4095,4095,4095,4095,4095,4095,4095,4095,4095,4095,4095,4095,4095,4095,4095,4095,4095,4095,4095,4095,4095,4095,4095,4095,4095,4095,4095,4095,4095,4095,4095,4095,4095,4095,4095,4095,4095,4095,4095,4095,4095,4095,4095,4095,4095,4095,4095,4095,4095,4095,4095,4095,4095,4095,4095,4095,4095,4095,4095,4095,4095,4095,4095,4095,4095,4095,4095,4095,
4095,4095,4095,4095,4095,4095,4095,4095,4095,4095,4095,4095,4095,4095,4095,4095,4095,4095,4095,4095,4095,4095,4095,4095,4095,4095,4095,4095,4095,4095,4095,4095,4095,4095,4095,4095,4095,4095,4095,4095,4095,4095,4095,4095,4095,4095,4095,4095,4095,4095,4095,4095,4095,4095,4095,4095,4095,4095,4095,4095,4095,4095,4095,4095,4095,4095,4095,4095,4095,4095,4095,4095,4095,4095,4095,4095,4095,4095,4095,4095,4095,4095,4095,4095,4095,4095,4095,4095,4095,4095,4095,4095,4095,4095,4095,4095,4095,4095,4095,4095,
4095,4095,4095,4095,4095,4095,4095,4095,4095,4095,4095,4095,4095,4095,4095,4095,4095,4095,4095,4095,4095,4095,4095,4095,4095,4095,4095,4095,4095,4095,4095,4095,4095,4095,4095,4095,4095,4095,4095,4095,4095,4095,4095,4095,4095,4095,4095,4095,4095,4095,4095,4095,4095,4095,4095,4095,4095,4095,4095,4095,4095,4095,4095,4095,4095,4095,4095,4095,4095,4095,4095,4095,4095,4095,4095,4095,4095,4095,4095,4095,4095,4095,4095,4095,4095,4095,4095,4095,4095,4095,4095,4095,4095,4095,4095,4095,4095,4095,4095,4095,
4095,4095,4095,4095,4095,4095,4095,4095,4095,4095,4095,4095,4095,4095,4095,4095,4095,4095,4095,4095,4095,4095,4095,4095,4095,4095,4095,4095,4095,4095,4095,4095,4095,4095,4095,4095,4095,4095,4095,4095,4095,4095,4095,4095,4095,4095,4095,4095,4095,4095,4095,4095,4095,4095,4095,4095,4095,4095,4095,4095,4095,4095,4095,4095,4095,4095,4095,4095,4095,4095,4095,4095,4095,4095,4095,4095,4095,4095,4095,4095,4095,4095,4095,4095,4095,4095,4095,4095,4095,4095,4095,4095,4095,4095,4095,4095,4095,4095,4095,4095,
4095,4095,4095,4095,4095,4095,4095,4095,4095,4095,4095,4095,4095,4095,4095,4095,4095,4095,4095,4095,0,4095,0,0,0,0,0,0,0,0,0,0,0,0,0,0,0,0,0,0,0,0,0,0,0,0,0,0,0,0,0,0,0,0,0,0,0,0,0,0,0,0,0,0,0,0,0,0,0,0,0,0,0,0,0,0,0,0,0,0,0,0,0,0,0,0,0,0,0,0,0,0,0,0,0,0,0,0,0,0,
0,0,0,0,0,0,0,0,0,0,0,0,0,0,0,0,0,0,0,0,0,0,0,0,0,0,0,0,0,0,0,0,0,0,0,0,0,0,0,0,0,0,0,0,0,0,0,0,0,0,0,0,0,0,0,0,0,0,0,0,0,0,0,0,0,0,0,0,0,0,0,0,0,0,0,0,0,0,0,0,0,0,0,0,0,0,0,0,0,0,0,0,0,0,0,0,0,0,0,0,
0,0,0,0,0,0,0,0,0,0,0,0,0,0,0,0,0,0,0,0,0,0,0,0,0,0,0,0,0,0,0,0,0,0,0,0,0,0,0,0,0,0,0,0,0,0,0,0,0,0,0,0,0,0,0,0,0,0,0,0,0,0,0,0,0,0,0,0,0,0,0,0,0,0,0,0,0,0,0,0,0,0,0,0,0,0,0,0,0,0,0,0,0,0,0,0,0,0,0,0,
0,0,0,0,0,0,0,0,0,0,0,0,0,0,0,0,0,0,0,0,0,0,0,0,0,0,0,0,0,0,0,0,0,0,0,0,0,0,0,0,0,0,0,0,0,0,0,0,0,0,0,0,0,0,0,0,0,0,0,0,0,0,0,0,0,0,0,0,0,0,0,0,0,0,0,0,0,0,0,0,0,0,0,0,0,0,0,0,0,0,0,0,0,0,0,0,0,0,0,0,
0,0,0,0,0,0,0,0,4095,4095,4095,4095,4095,4095,4095,4095,4095,4095,4095,4095,4095,4095,4095,4095,4095,4095,4095,4095,4095,4095,4095,4095,4095,4095,4095,4095,4095,4095,4095,4095,4095,4095,4095,4095,4095,4095,4095,4095,4095,4095,4095,4095,4095,4095,4095,4095,4095,4095,4095,4095,4095,4095,4095,4095,4095,4095,4095,4095,4095,4095,4095,4095,4095,4095,4095,4095,4095,4095,4095,4095,4095,4095,4095,4095,4095,4095,4095,4095,4095,4095,4095,4095,4095,4095,4095,4095,4095,4095,4095,4095,
4095,4095,4095,4095,4095,4095,4095,4095,4095,4095,4095,4095,4095,4095,4095,4095,4095,4095,4095,4095,4095,4095,4095,4095,4095,4095,4095,4095,4095,4095,4095,4095,4095,4095,4095,4095,4095,4095,4095,4095,4095,4095,4095,4095,4095,4095,4095,4095,4095,4095,4095,4095,4095,4095,4095,4095,4095,4095,4095,4095,4095,4095,4095,4095,4095,4095,4095,4095,4095,4095,4095,4095,4095,4095,4095,4095,4095,4095,4095,4095,4095,4095,4095,4095,4095,4095,4095,4095,4095,4095,4095,4095,4095,4095,4095,4095,4095,4095,4095,4095,
4095,4095,4095,4095,4095,4095,4095,4095,4095,4095,4095,4095,4095,4095,4095,4095,4095,4095,4095,4095,4095,4095,4095,4095,4095,4095,4095,4095,4095,4095,4095,4095,4095,4095,4095,4095,4095,4095,4095,4095,4095,4095,4095,4095,4095,4095,4095,4095,4095,4095,4095,4095,4095,4095,4095,4095,4095,4095,4095,4095,4095,4095,4095,4095,4095,4095,4095,4095,4095,4095,4095,4095,4095,4095,4095,4095,4095,4095,4095,4095,4095,4095,4095,4095,4095,4095,4095,4095,4095,4095,4095,4095,4095,4095,4095,4095,4095,4095,4095,4095,
4095,4095,4095,4095,4095,4095,4095,4095,4095,4095,4095,4095,4095,4095,4095,4095,4095,4095,4095,4095,4095,4095,4095,4095,4095,4095,4095,4095,4095,4095,4095,4095,4095,4095,4095,4095,4095,4095,4095,4095,4095,4095,4095,4095,4095,4095,4095,4095,4095,4095,4095,4095,4095,4095,4095,4095,4095,4095,4095,4095,4095,4095,4095,4095,4095,4095,4095,4095,4095,4095,4095,4095,4095,4095,4095,4095,4095,4095,4095,4095,4095,4095,4095,4095,4095,4095,4095,4095,4095,4095,4095,4095,4095,4095,4095,4095,4095,4095,4095,4095,
4095,4095,4095,4095,4095,4095,4095,4095,4095,4095,4095,4095,4095,4095,4095,4095,4095,4095,4095,4095,4095,4095,4095,4095,4095,4095,4095,4095,4095,4095,4095,4095,4095,4095,4095,4095,4095,4095,4095,4095,4095,4095,4095,4095,4095,4095,4095,4095,4095,4095,4095,4095,4095,4095,4095,4095,4095,4095,4095,4095,4095,4095,4095,4095,4095,4095,4095,4095,4095,4095,4095,4095,4095,4095,4095,4095,4095,4095,4095,4095,4095,4095,4095,4095,4095,4095,4095,4095,4095,4095,4095,4095,4095,4095,4095,4095,4095,4095,4095,4095,
4095,4095,4095,4095,4095,4095,4095,4095,4095,4095,4095,4095,4095,4095,4095,4095,4095,4095,4095,4095,4095,4095,4095,4095,4095,4095,4095,4095,4095,4095,4095,4095,4095,4095,4095,4095,4095,4095,4095,4095,4095,4095,4095,4095,4095,4095,4095,4095,4095,4095,4095,4095,4095,4095,4095,4095,4095,4095,4095,4095,4095,4095,4095,4095,4095,4095,4095,4095,4095,4095,4095,4095,4095,4095,4095,4095,4095,4095,4095,4095,4095,4095,4095,4095,4095,4095,4095,4095,4095,4095,4095,4095,4095,4095,4095,4095,4095,4095,4095,4095,
4095,4095,4095,4095,4095,4095,4095,4095,4095,4095,4095,4095,0,4095,0,0,0,0,0,0,0,0,0,0,0,0,0,0,0,0,0,0,0,0,0,0,0,0,0,0,0,0,0,0,0,0,0,0,0,0,0,0,0,0,0,0,0,0,0,0,0,0,0,0,0,0,0,0,0,0,0,0,0,0,0,0,0,0,0,0,0,0,0,0,0,0,0,0,0,0,0,0,0,0,0,0,0,0,0,0,
0,0,0,0,0,0,0,0,0,0,0,0,0,0,0,0,0,0,0,0,0,0,0,0,0,0,0,0,0,0,0,0,0,0,0,0,0,0,0,0,0,0,0,0,0,0,0,0,0,0,0,0,0,0,0,0,0,0,0,0,0,0,0,0,0,0,0,0,0,0,0,0,0,0,0,0,0,0,0,0,0,0,0,0,0,0,0,0,0,0,0,0,0,0,0,0,0,0,0,0,
0,0,0,0,0,0,0,0,0,0,0,0,0,0,0,0,0,0,0,0,0,0,0,0,0,0,0,0,0,0,0,0,0,0,0,0,0,0,0,0,0,0,0,0,0,0,0,0,0,0,0,0,0,0,0,0,0,0,0,0,0,0,0,0,0,0,0,0,0,0,0,0,0,0,0,0,0,0,0,0,0,0,0,0,0,0,0,0,0,0,0,0,0,0,0,0,0,0,0,0,
0,0,0,0,0,0,0,0,0,0,0,0,0,0,0,0,0,0,0,0,0,0,0,0,0,0,0,0,0,0,0,0,0,0,0,0,0,0,0,0,0,0,0,0,0,0,0,0,0,0,0,0,0,0,0,0,0,0,0,0,0,0,0,0,0,0,0,0,0,0,0,0,0,0,0,0,0,0,0,0,0,0,0,0,0,0,0,0,0,0,0,0,0,0,0,0,0,0,0,0,
4095,4095,4095,4095,4095,4095,4095,4095,4095,4095,4095,4095,4095,4095,4095,4095,4095,4095,4095,4095,4095,4095,4095,4095,4095,4095,4095,4095,4095,4095,4095,4095,4095,4095,4095,4095,4095,4095,4095,4095,4095,4095,4095,4095,4095,4095,4095,4095,4095,4095,4095,4095,4095,4095,4095,4095,4095,4095,4095,4095,4095,4095,4095,4095,4095,4095,4095,4095,4095,4095,4095,4095,4095,4095,4095,4095,4095,4095,4095,4095,4095,4095,4095,4095,4095,4095,4095,4095,4095,4095,4095,4095,4095,4095,4095,4095,4095,4095,4095,4095,
4095,4095,4095,4095,4095,4095,4095,4095,4095,4095,4095,4095,4095,4095,4095,4095,4095,4095,4095,4095,4095,4095,4095,4095,4095,4095,4095,4095,4095,4095,4095,4095,4095,4095,4095,4095,4095,4095,4095,4095,4095,4095,4095,4095,4095,4095,4095,4095,4095,4095,4095,4095,4095,4095,4095,4095,4095,4095,4095,4095,4095,4095,4095,4095,4095,4095,4095,4095,4095,4095,4095,4095,4095,4095,4095,4095,4095,4095,4095,4095,4095,4095,4095,4095,4047,4095,4095,4095,4095,4095,4095,4095,4095,4095,4095,4095,4095,4095,4095,4095,
4095,4095,4095,4095,4095,4095,4095,4095,4095,4095,4095,4095,4095,4095,4095,4095,4095,4095,4095,4095,4095,4095,4095,4095,4095,4095,4095,4095,4095,4095,4095,4095,4095,4095,4095,4095,4095,4095,4095,4095,4095,4095,4095,4095,4095,4095,4095,4095,4095,4095,4095,4095,4095,4095,4095,4095,4095,4095,4095,4095,4095,4095,4095,4095,4095,4095,4095,4095,4095,4095,4095,4095,4095,4095,4095,4095,4095,4095,4095,4095,4095,4095,4095,4095,4095,4095,4095,4095,4095,4095,4095,4095,4095,4095,4095,4095,4095,4095,4095,4095,
4095,4095,4095,4095,4095,4095,4095,4095,4095,4095,4095,4095,4095,4095,4095,4095,4095,4095,4095,4095,4095,4095,4095,4095,4095,4095,4095,4095,4095,4095,4095,4095,4095,4095,4095,4095,4095,4095,4095,4095,4095,4095,4095,4095,4095,4095,4095,4095,4095,4095,4095,4095,4095,4095,4095,4095,4095,4095,4095,4095,4095,4095,4095,4095,4095,4095,4095,4095,4095,4095,4095,4095,4095,4095,4095,4095,4095,4095,4095,4095,4095,4095,4095,4095,4095,4095,4095,4095,4095,4095,4095,4095,4095,4095,4095,4095,4095,4095,4095,4095,
4095,4095,4095,4095,4095,4095,4095,4095,4095,4095,4095,4095,4095,4095,4095,4095,4095,4095,4095,4095,4095,4095,4095,4095,4095,4095,4095,4095,4095,4095,4095,4095,4095,4095,4095,4095,4095,4095,4095,4095,4095,4095,4095,4095,4095,4095,4095,4095,4095,4095,4095,4095,4095,4095,4095,4095,4095,4095,4095,4095,4095,4095,4095,4095,4095,4095,4095,4095,4095,4095,4095,4095,4095,4095,4095,4095,4095,4095,4095,4095,4095,4095,4095,4095,4095,4095,4095,4095,4095,4095,4095,4095,4095,4095,4095,4095,4095,4095,4095,4095,
4095,4095,4095,4095,4095,4095,4095,4095,4095,4095,4095,4095,4095,4095,4095,4095,4095,4095,4095,4095,4095,4095,4095,4095,4095,4095,4095,4095,4095,4095,4095,4095,4095,4095,4095,4095,4095,4095,4095,4095,4095,4095,4095,4095,4095,4095,4095,4095,4095,4095,4095,4095,4095,4095,4095,4095,4095,4095,4095,4095,4095,4095,4095,4095,4095,4095,4095,4095,4095,4095,4095,4095,4095,4095,4095,4095,4095,4095,4095,4095,4095,4095,4095,4095,4095,4095,4095,4095,4095,4095,4095,4095,4095,4095,4095,4095,4095,4095,4095,4095,
4095,4095,4095,4095,0,4095,0,0,0,0,0,0,0,0,0,0,0,0,0,0,0,0,0,0,0,0,0,0,0,0,0,0,0,0,0,0,0,0,0,0,0,0,0,0,0,0,0,0,0,0,0,0,0,0,0,0,0,0,0,0,0,0,0,0,0,0,0,0,0,0,0,0,0,0,0,0,0,0,0,0,0,0,0,0,0,0,0,0,0,0,0,0,0,0,0,0,0,0,0,0,
0,0,0,0,0,0,0,0,0,0,0,0,0,0,0,0,0,0,0,0,0,0,0,0,0,0,0,0,0,0,0,0,0,0,0,0,0,0,0,0,0,0,0,0,0,0,0,0,0,0,0,0,0,0,0,0,0,0,0,0,0,0,0,0,0,0,0,0,0,0,0,0,0,0,0,0,0,0,0,0,0,0,0,0,0,0,0,0,0,0,0,0,0,0,0,0,0,0,0,0,
0,0,0,0,0,0,0,0,0,0,0,0,0,0,0,0,0,0,0,0,0,0,0,0,0,0,0,0,0,0,0,0,0,0,0,0,0,0,0,0,0,0,0,0,0,0,0,0,0,0,0,0,0,0,0,0,0,0,0,0,0,0,0,0,0,0,0,0,0,0,0,0,0,0,0,0,0,0,0,0,0,0,0,0,0,0,0,0,0,0,0,0,0,0,0,0,0,0,0,0,
0,0,0,0,0,0,0,0,0,0,0,0,0,0,0,0,0,0,0,0,0,0,0,0,0,0,0,0,0,0,0,0,0,0,0,0,0,0,0,0,0,0,0,0,0,0,0,0,0,0,0,0,0,0,0,0,0,0,0,0,0,0,0,0,0,0,0,0,0,0,0,0,0,0,0,0,0,0,0,0,0,0,0,0,0,0,0,0,0,0,0,0,4095,4095,4095,4095,4095,4095,4095,4095,
4095,4095,4095,4095,4095,4095,4095,4095,4095,4095,4095,4095,4095,4095,4095,4095,4095,4095,4095,4095,4095,4095,4095,4095,4095,4095,4095,4095,4095,4095,4095,4095,4095,4095,4095,4095,4095,4095,4095,4095,4095,4095,4095,4095,4095,4095,4095,4095,4095,4095,4095,4095,4095,4095,4095,4095,4095,4095,4095,4095,4095,4095,4095,4095,4095,4095,4095,4095,4095,4095,4095,4095,4095,4095,4095,4095,4095,4095,4095,4095,4095,4095,4095,4095,4095,4095,4095,4095,4095,4095,4095,4095,4095,4095,4095,4095,4095,4095,4095,4095,
4095,4095,4095,4095,4095,4095,4095,4095,4095,4095,4095,4095,4095,4095,4095,4095,4095,4095,4095,4095,4095,4095,4095,4095,4095,4095,4095,4095,4095,4095,4095,4095,4095,4095,4095,4095,4095,4095,4095,4095,4095,4095,4095,4095,4095,4095,4095,4095,4095,4095,4095,4095,4095,4095,4095,4095,4095,4095,4095,4095,4095,4095,4095,4095,4095,4095,4095,4095,4095,4095,4095,4095,4095,4095,4095,4095,4095,4095,4095,4095,4095,4095,4095,4095,4095,4095,4095,4095,4095,4095,4095,4095,4095,4095,4095,4095,4095,4095,4095,4095,
4095,4095,4095,4095,4095,4095,4095,4095,4095,4095,4095,4095,4095,4095,4095,4095,4095,4095,4095,4095,4095,4095,4095,4095,4095,4095,4095,4095,4095,4095,4095,4095,4095,4095,4095,4095,4095,4095,4095,4095,4095,4095,4095,4095,4095,4095,4095,4095,4095,4095,4095,4095,4095,4095,4095,4095,4095,4095,4095,4095,4095,4095,4095,4095,4095,4095,4095,4095,4095,4095,4095,4095,4095,4095,4095,4095,4095,4095,4095,4095,4095,4095,4095,4095,4095,4095,4095,4095,4095,4095,4095,4095,4095,4095,4095,4095,4095,4095,4095,4095,
4095,4095,4095,4095,4095,4095,4095,4095,4095,4095,4095,4095,4095,4095,4095,4095,4095,4095,4095,4095,4095,4095,4095,4095,4095,4095,4095,4095,4095,4095,4095,4095,4095,4095,4095,4095,4095,4095,4095,4095,4095,4095,4095,4095,4095,4095,4095,4095,4095,4095,4095,4095,4095,4095,4095,4095,4095,4095,4095,4095,4095,4095,4095,4095,4095,4095,4095,4095,4095,4095,4095,4095,4095,4095,4095,4095,4095,4095,4095,4095,4095,4095,4095,4095,4095,4095,4095,4095,4095,4095,4095,4095,4095,4095,4095,4095,4095,4095,4095,4095,
4095,4095,4095,4095,4095,4095,4095,4095,4095,4095,4095,4095,4095,4095,4095,4095,4095,4095,4095,4095,4095,4095,4095,4095,4095,4095,4095,4095,4095,4095,4095,4095,4095,4095,4095,4095,4095,4095,4095,4095,4095,4095,4095,4095,4095,4095,4095,4095,4095,4095,4095,4095,4095,4095,4095,4095,4095,4095,4095,4095,4095,4095,4095,4095,4095,4095,4095,4095,4095,4095,4095,4095,4095,4095,4095,4095,4095,4095,4095,4095,4095,4095,4095,4095,4095,4095,4095,4095,4095,4095,4095,4095,4095,4095,4095,4095,4095,4095,4095,4095,
4095,4095,4095,4095,4095,4095,4095,4095,4095,4095,4095,4095,4095,4095,4095,4095,4095,4095,4095,4095,4095,4095,4095,4095,4095,4095,4095,4095,4095,4095,4095,4095,4095,4095,4095,4095,4095,4095,4095,4095,4095,4095,4095,4095,4095,4095,4095,4095,4095,4095,4095,4095,4095,4095,4095,4095,4095,4095,4095,4095,4095,4095,4095,4095,4095,4095,4095,4095,4095,4095,4095,4095,4095,4095,4095,4095,4095,4095,4095,4095,4095,4095,4095,4095,4095,4095,4095,4095,4095,4095,4095,4095,4095,4095,4095,4095,0,4095,0,0,
0,0,0,0,0,0,0,0,0,0,0,0,0,0,0,0,0,0,0,0,0,0,0,0,0,0,0,0,0,0,0,0,0,0,0,0,0,0,0,0,0,0,0,0,0,0,0,0,0,0,0,0,0,0,0,0,0,0,0,0,0,0,0,0,0,0,0,0,0,0,0,0,0,0,0,0,0,0,0,0,0,0,0,0,0,0,0,0,0,0,0,0,0,0,0,0,0,0,0,0,
0,0,0,0,0,0,0,0,0,0,0,0,0,0,0,0,0,0,0,0,0,0,0,0,0,0,0,0,0,0,0,0,0,0,0,0,0,0,0,0,0,0,0,0,0,0,0,0,0,0,0,0,0,0,0,0,0,0,0,0,0,0,0,0,0,0,0,0,0,0,0,0,0,0,0,0,0,0,0,0,0,0,0,0,0,0,0,0,0,0,0,0,0,0,0,0,0,0,0,0,
0,0,0,0,0,0,0,0,0,0,0,0,0,0,0,0,0,0,0,0,0,0,0,0,0,0,0,0,0,0,0,0,0,0,0,0,0,0,0,0,0,0,0,0,0,0,0,0,0,0,0,0,0,0,0,0,0,0,0,0,0,0,0,0,0,0,0,0,0,0,0,0,0,0,0,0,0,0,0,0,0,0,0,0,0,0,0,0,0,0,0,0,0,0,0,0,0,0,0,0,
0,0,0,0,0,0,0,0,0,0,0,0,0,0,0,0,0,0,0,0,0,0,0,0,0,0,0,0,0,0,0,0,0,0,0,0,0,0,0,0,0,0,0,0,0,0,0,0,0,0,0,0,0,0,0,0,0,0,0,0,0,0,0,0,0,0,0,0,0,0,0,0,0,0,0,0,0,0,0,0,0,0,0,0,0,0,4095,4095,4095,4095,4095,4095,4095,4095,4095,4095,4095,4095,4095,4095,
4095,4095,4095,4095,4095,4095,4095,4095,4095,4095,4095,4095,4095,4095,4095,4095,4095,4095,4095,4095,4095,4095,4095,4095,4095,4095,4095,4095,4095,4095,4095,4095,4095,4095,4095,4095,4095,4095,4095,4095,4095,4095,4095,4095,4095,4095,4095,4095,4095,4095,4095,4095,4095,4095,4095,4095,4095,4095,4095,4095,4095,4095,4095,4095,4095,4095,4095,4095,4095,4095,4095,4095,4095,4095,4095,4095,4095,4095,4095,4095,4095,4095,4095,4095,4095,4095,4095,4095,4095,4095,4095,4095,4095,4095,4095,4095,4095,4095,4095,4095,
4095,4095,4095,4095,4095,4095,4095,4095,4095,4095,4095,4095,4095,4095,4095,4095,4095,4095,4095,4095,4095,4095,4095,4095,4095,4095,4095,4095,4095,4095,4095,4095,4095,4095,4095,4095,4095,4095,4095,4095,4095,4095,4095,4095,4095,4095,4095,4095,4095,4095,4095,4095,4095,4095,4095,4095,4095,4095,4095,4095,4095,4095,4095,4095,4095,4095,4095,4095,4095,4095,4095,4095,4095,4095,4095,4095,4095,4095,4095,4095,4095,4095,4095,4095,4095,4095,4095,4095,4095,4095,4095,4095,4095,4095,4095,4095,4095,4095,4095,4095,
4095,4095,4095,4095,4095,4095,4095,4095,4095,4095,4095,4095,4095,4095,4095,4095,4095,4095,4095,4095,4095,4095,4095,4095,4095,4095,4095,4095,4095,4095,4095,4095,4095,4095,4095,4095,4095,4095,4095,4095,4095,4095,4095,4095,4095,4095,4095,4095,4095,4095,4095,4095,4095,4095,4095,4095,4095,4095,4095,4095,4095,4095,4095,4095,4095,4095,4095,4095,4095,4095,4095,4095,4095,4095,4095,4095,4095,4095,4095,4095,4095,4095,4095,4095,4095,4095,4095,4095,4095,4095,4095,4095,4095,4095,4095,4095,4095,4095,4095,4095,
4095,4095,4095,4095,4095,4095,4095,4095,4095,4095,4095,4095,4095,4095,4095,4095,4095,4095,4095,4095,4095,4095,4095,4095,4095,4095,4095,4095,4095,4095,4095,4095,4095,4095,4095,4095,4095,4095,4095,4095,4095,4095,4095,4095,4095,4095,4095,4095,4095,4095,4095,4095,4095,4095,4095,4095,4095,4095,4095,4095,4095,4095,4095,4095,4095,4095,4095,4095,4095,4095,4095,4095,4095,4095,4095,4095,4095,4095,4095,4095,4095,4095,4095,4095,4095,4095,4095,4095,4095,4095,4095,4095,4095,4095,4095,4095,4095,4095,4095,4095,
4095,4095,4095,4095,4095,4095,4095,4095,4095,4095,4095,4095,4095,4095,4095,4095,4095,4095,4095,4095,4095,4095,4095,4095,4095,4095,4095,4095,4095,4095,4095,4095,4095,4095,4095,4095,4095,4095,4095,4095,4095,4095,4095,4095,4095,4095,4095,4095,4095,4095,4095,4095,4095,4095,4095,4095,4095,4095,4095,4095,4095,4095,4095,4095,4095,4095,4095,4095,4095,4095,4095,4095,4095,4095,4095,4095,4095,4095,4095,4095,4095,4095,4095,4095,4095,4095,4095,4095,4095,4095,4095,4095,4095,4095,4095,4095,4095,4095,4095,4095,
4095,4095,4095,4095,4095,4095,4095,4095,4095,4095,4095,4095,4095,4095,4095,4095,4095,4095,4095,4095,4095,4095,4095,4095,4095,4095,4095,4095,4095,4095,4095,4095,4095,4095,4095,4095,4095,4095,4095,4095,4095,4095,4095,4095,4095,4095,4095,4095,4095,4095,4095,4095,4095,4095,4095,4095,4095,4095,4095,4095,4095,4095,4095,4095,4095,4095,4095,4095,4095,4095,4095,4095,4095,4095,4095,4095,4095,4095,4095,4095,4095,4095,4095,4095,4095,4095,4095,4095,0,4095,0,0,0,0,0,0,0,0,0,0,
0,0,0,0,0,0,0,0,0,0,0,0,0,0,0,0,0,0,0,0,0,0,0,0,0,0,0,0,0,0,0,0,0,0,0,0,0,0,0,0,0,0,0,0,0,0,0,0,0,0,0,0,0,0,0,0,0,0,0,0,0,0,0,0,0,0,0,0,0,0,0,0,0,0,0,0,0,0,0,0,0,0,0,0,0,0,0,0,0,0,0,0,0,0,0,0,0,0,0,0,
0,0,0,0,0,0,0,0,0,0,0,0,0,0,0,0,0,0,0,0,0,0,0,0,0,0,0,0,0,0,0,0,0,0,0,0,0,0,0,0,0,0,0,0,0,0,0,0,0,0,0,0,0,0,0,0,0,0,0,0,0,0,0,0,0,0,0,0,0,0,0,0,0,0,0,0,0,0,0,0,0,0,0,0,0,0,0,0,0,0,0,0,0,0,0,0,0,0,0,0,
0,0,0,0,0,0,0,0,0,0,0,0,0,0,0,0,0,0,0,0,0,0,0,0,0,0,0,0,0,0,0,0,0,0,0,0,0,0,0,0,0,0,0,0,0,0,0,0,0,0,0,0,0,0,0,0,0,0,0,0,0,0,0,0,0,0,0,0,0,0,0,0,0,0,0,0,0,0,0,0,0,0,0,0,0,0,0,0,0,0,0,0,0,0,0,0,0,0,0,0,
201
cnt: 201
deep sleep start
