4095,4095,4095,4095,4095,4095,4095,4095,4095,4095,4095,4095,4095,4095,4095,4095,4095,4095,4095,4095,4095,4095,4095,4095,4095,4095,4095,4095,4095,4095,4095,4095,4095,4095,4095,4095,4095,4095,4095,4095,4095,4095,4095,4095,4095,4095,4095,4095,4095,4095,4095,4095,4095,4095,4095,4095,4095,4095,4095,4095,4095,4095,4095,4095,4095,4095,4095,4095,4095,4095,4095,4095,4095,4095,4095,4095,4095,4095,4095,4095,4095,4095,4095,4095,4095,4095,4095,4095,4095,4095,4095,4095,4095,4095,4095,4095,4095,4095,4095,4095,
4095,4095,4095,4095,4095,4095,4095,4095,4095,4095,0,0,0,0,0,0,0,0,0,0,0,0,0,0,0,0,0,0,0,0,0,0,0,0,0,0,0,0,0,0,0,0,0,0,0,0,0,0,0,0,0,0,0,0,0,0,0,0,0,0,0,0,0,0,0,0,0,0,0,0,0,0,0,0,0,0,0,0,0,0,0,0,0,0,0,0,0,0,0,0,0,0,0,0,0,0,0,0,0,0,
0,0,0,0,0,0,0,0,0,0,0,0,0,0,0,0,0,0,0,0,0,0,0,0,0,0,0,0,0,0,0,0,0,0,0,0,0,0,0,0,0,0,0,0,0,0,0,0,0,0,0,0,0,0,0,0,0,0,0,0,0,0,0,0,0,0,4095,4095,4095,4095,4095,4095,4095,4095,4095,4095,4095,4095,4095,4095,4095,4095,4095,4095,4095,4095,4095,4095,4095,4095,4095,4095,4095,4095,4095,4095,4095,4095,4095,4095,
4095,4095,4095,4095,4095,4095,4095,4095,4095,4095,4095,4095,4095,4095,4095,4095,4095,4095,4095,4095,4095,4095,4095,4095,4095,4095,4095,4095,4095,4095,4095,4095,4095,4095,4095,4095,4095,4095,4095,4095,4095,4095,4095,4095,4095,4095,4095,4095,4095,4095,4095,4095,4095,4031,4095,4095,4095,4095,4095,4095,4095,4095,4095,4095,4095,4095,4095,4095,4095,4095,4095,4095,4095,4095,4095,4095,4095,4095,4095,4095,4095,4095,4095,4095,4095,4095,4095,4095,4095,4095,4095,4095,4095,4095,4095,4095,4095,4095,4095,4095,
4095,4095,4095,4095,4095,4095,4095,4095,4095,4095,4095,4095,4095,4095,4095,4095,4095,4095,4095,4095,4095,4095,4095,4095,4095,4095,4095,4095,4095,4095,4095,4095,4095,4095,4095,4095,4095,4095,4095,4095,4095,4095,4095,4095,4095,4095,4095,4095,4095,4095,4095,4095,4095,4095,4095,4095,4095,4095,4095,4095,4095,4095,4095,4095,4095,4095,4095,4095,4095,4095,4095,4095,4095,4095,4095,4095,4095,4095,4095,4095,4095,4095,4095,4095,4095,4095,4095,4095,4095,4095,4095,4095,4095,4095,4095,4095,4095,4095,4095,4095,
4095,4095,4095,4095,4095,4095,4095,4095,0,0,0,0,0,0,0,0,0,0,0,0,0,0,0,0,0,0,0,0,0,0,0,0,0,0,0,0,0,0,0,0,0,0,0,0,0,0,0,0,0,0,0,0,0,0,0,0,0,0,0,0,0,0,0,0,0,0,0,0,0,0,0,0,0,0,0,0,0,0,0,0,0,0,0,0,0,0,0,0,0,0,0,0,0,0,0,0,0,0,0,0,
0,0,0,0,0,0,0,0,0,0,0,0,0,0,0,0,0,0,0,0,0,0,0,0,0,0,0,0,0,0,0,0,0,0,0,0,0,0,0,0,0,0,0,0,0,0,0,0,0,0,0,0,0,0,0,0,0,0,0,0,0,0,4095,4095,4095,4095,4095,4095,4095,4095,4095,4095,4095,4095,4095,4095,4095,4095,4095,4095,4095,4095,4095,4095,4095,4095,4095,4095,4095,4095,4095,4095,4095,4095,4095,4095,4095,4095,4095,4095,
4095,4095,4095,4095,4095,4095,4095,4095,4095,4095,4095,4095,4095,4095,4095,4095,4095,4095,4095,4095,4095,4095,4095,4095,4095,4095,4095,4095,4095,4095,4095,4095,4095,4095,4095,4095,4095,4095,4095,4095,4095,4095,4095,4095,4095,4095,4095,4095,4095,4095,4095,4095,4095,4095,4095,4095,4095,4095,4095,4095,4095,4095,4095,4095,4095,4095,4095,4095,4095,4095,4095,4095,4095,4095,4095,4095,4095,4095,4095,4095,4095,4095,4095,4095,4095,4095,4095,4095,4095,4095,4095,4095,4095,4095,4095,4095,4095,4095,4095,4095,
4095,4095,4095,4095,4095,4095,4095,4095,4095,4095,4095,4095,4095,4095,4095,4095,4095,4095,4095,4095,4095,4095,4095,4095,4095,4095,4095,4095,4095,4095,4095,4095,4095,4095,4095,4095,4095,4095,4095,4095,4095,4095,4095,4095,4095,4095,4095,4095,4095,4095,4095,4095,4095,4095,4095,4095,4095,4095,4095,4095,4095,4095,4095,4095,4095,4095,4095,4095,4095,4095,4095,4095,4095,4095,4095,4095,4095,4095,4095,4095,4095,4095,4095,4095,4095,4095,4095,4095,4095,4095,4095,4095,4095,4095,4095,4095,4095,4095,4095,4095,
4095,4095,4095,4095,0,0,0,0,0,0,0,0,0,0,0,0,0,0,0,0,0,0,0,0,0,0,0,0,0,0,0,0,0,0,0,0,0,0,0,0,0,0,0,0,0,0,0,0,0,0,0,0,0,0,0,0,0,0,0,0,0,0,0,0,0,0,0,0,0,0,0,0,0,0,0,0,0,0,0,0,0,0,0,0,0,0,0,0,0,0,0,0,0,0,0,0,0,0,0,0,
0,0,0,0,0,0,0,0,0,0,0,0,0,0,0,0,0,0,0,0,0,0,0,0,0,0,0,0,0,0,0,0,0,0,0,0,0,0,0,0,0,0,0,0,0,0,0,0,0,0,0,0,0,0,0,0,0,0,4095,4095,4095,4095,4095,4095,4095,4095,4095,4095,4095,4095,4095,4095,4095,4095,4095,4095,4095,4095,4095,4095,4095,4095,4095,4095,4095,4095,4095,4095,4095,4095,4095,4095,4095,4095,4095,4095,4095,4095,4095,4095,
4095,4095,4095,4095,4095,4095,4095,4095,4095,4095,4095,4095,4095,4095,4095,4095,4095,4095,4095,4095,4095,4095,4095,4095,4095,4095,4095,4095,4095,4095,4095,4095,4095,4095,4095,4095,4095,4095,4095,4095,4095,4095,4095,4095,4095,4095,4095,4095,4095,4095,4095,4095,4095,4095,4095,4095,4095,4095,4095,4095,4095,4095,4095,4095,4095,4095,4095,4095,4095,4095,4095,4095,4095,4095,4095,4095,4095,4095,4095,4095,4095,4095,4095,4095,4095,4095,4095,4095,4095,4095,4095,4095,4095,4095,4095,4095,4095,4095,4095,4095,
4095,4095,4095,4095,4095,4095,4095,4095,4095,4095,4095,4095,4095,4095,4095,4095,4095,4095,4095,4095,4095,4095,4095,4095,4095,4095,4095,4095,4095,4095,4095,4095,4095,4095,4095,4095,4095,4095,4095,4095,4095,4095,4095,4095,4095,4095,4095,4095,4095,4095,4095,4095,4095,4095,4095,4095,4095,4095,4095,4095,4095,4095,4095,4095,4095,4095,4095,4095,4095,4095,4095,4095,4095,4095,4095,4095,4095,4095,4095,4095,4095,4095,4095,4095,4095,4095,4095,4095,4095,4095,4095,4095,4095,4095,4095,4095,4095,4095,4095,4095,
4095,4095,0,0,0,0,0,0,0,0,0,0,0,0,0,0,0,0,0,0,0,0,0,0,0,0,0,0,0,0,0,0,0,0,0,0,0,0,0,0,0,0,0,0,0,0,0,0,0,0,0,0,0,0,0,0,0,0,0,0,0,0,0,0,0,0,0,0,0,0,0,0,0,0,0,0,0,0,0,0,0,0,0,0,0,0,0,0,0,0,0,0,0,0,0,0,0,0,0,0,
0,0,0,0,0,0,0,0,0,0,0,0,0,0,0,0,0,0,0,0,0,0,0,0,0,0,0,0,0,0,0,0,0,0,0,0,0,0,0,0,0,0,0,0,0,0,0,0,0,0,0,0,0,0,0,0,4095,4095,4095,4095,4095,4095,4095,4095,4095,4095,4095,4095,4095,4095,4095,4095,4095,4095,4095,4095,4095,4095,4095,4095,4095,4095,4095,4095,4095,4095,4095,4095,4095,4095,4095,4095,4095,4095,4095,4095,4095,4095,4095,4095,
4095,4095,4095,4095,4095,4095,4095,4095,4095,4095,4095,4095,4095,4095,4095,4095,4095,4095,4095,4095,4095,4095,4095,4095,4095,4095,4095,4095,4095,4095,4095,4095,4095,4095,4095,4095,4095,4095,4095,4095,4095,4095,4095,4095,4095,4095,4095,4095,4095,4095,4095,4095,4095,4095,4095,4095,4095,4095,4095,4095,4095,4095,4095,4095,4095,4095,4095,4095,4095,4095,4095,4095,4095,4095,4095,4095,4095,4095,4095,4095,4095,4095,4095,4095,4095,4095,4095,4095,4095,4095,4095,4095,4095,4095,4095,4095,4095,4095,4095,4095,
4095,4095,4095,4095,4095,4095,4095,4095,4095,4095,4095,4095,4095,4095,4095,4095,4095,4095,4095,4095,4095,4095,4095,4095,4095,4095,4095,4095,4095,4095,4095,4095,4095,4095,4095,4095,4095,4095,4095,4095,4095,4095,4095,4095,4095,4095,4095,4095,4095,4095,4095,4095,4095,4095,4095,4095,4095,4095,4095,4095,4095,4095,4095,4095,4095,4095,4095,4095,4095,4095,4095,4095,4095,4095,4095,4095,4095,4095,4095,4095,4095,4095,4095,4095,4095,4095,4095,4095,4095,4095,4095,4095,4095,4095,4095,4095,4095,4095,0,0,
0,0,0,0,0,0,0,0,0,0,0,0,0,0,0,0,0,0,0,0,0,0,0,0,0,0,0,0,0,0,0,0,0,0,0,0,0,0,0,0,0,0,0,0,0,0,0,0,0,0,0,0,0,0,0,0,0,0,0,0,0,0,0,0,0,0,0,0,0,0,0,0,0,0,0,0,0,0,0,0,0,0,0,0,0,0,0,0,0,0,0,0,0,0,0,0,0,0,0,0,
0,0,0,0,0,0,0,0,0,0,0,0,0,0,0,0,0,0,0,0,0,0,0,0,0,0,0,0,0,0,0,0,0,0,0,0,0,0,0,0,0,0,0,0,0,0,0,0,0,0,0,0,4095,4095,4095,4095,4095,4095,4095,4095,4095,4095,4095,4095,4095,4095,4095,4095,4095,4095,4095,4095,4095,4095,4095,4095,4095,4095,4095,4095,4095,4095,4095,4095,4095,4095,4095,4095,4095,4095,4095,4095,4095,4095,4095,4095,4095,4095,4095,4095,
4095,4095,4095,4095,4095,4095,4095,4095,4095,4095,4095,4095,4095,4095,4095,4095,4095,4095,4095,4095,4095,4095,4095,4095,4095,4095,4095,4095,4095,4095,4095,4095,4095,4095,4095,4095,4095,4095,4095,4095,4095,4095,4095,4095,4095,4095,4095,4095,4095,4095,4095,4095,4095,4095,4095,4095,4095,4095,4095,4095,4095,4095,4095,4095,4095,4095,4095,4095,4095,4095,4095,4095,4095,4095,4095,4095,4095,4095,4095,4095,4095,4095,4095,4095,4095,4095,4095,4095,4095,4095,4095,4095,4095,4095,4095,4095,4095,4095,4095,4095,
4095,4095,4095,4095,4095,4095,4095,4095,4095,4095,4095,4095,4095,4095,4095,4095,4095,4095,4095,4095,4095,4095,4095,4095,4095,4095,4095,4095,4095,4095,4095,4095,4095,4095,4095,4095,4095,4095,4095,4095,4095,4095,4095,4095,4095,4095,4095,4095,4095,4095,4095,4095,4095,4095,4095,4095,4095,4095,4095,4095,4095,4095,4095,4095,4095,4095,4095,4095,4095,4095,4095,4095,4095,4095,4095,4095,4095,4095,4095,4095,4095,4095,4095,4095,4095,4095,4095,4095,4095,4095,4095,4095,4095,4095,0,0,0,0,0,0,
0,0,0,0,0,0,0,0,0,0,0,0,0,0,0,0,0,0,0,0,0,0,0,0,0,0,0,0,0,0,0,0,0,0,0,0,0,0,0,0,0,0,0,0,0,0,0,0,0,0,0,0,0,0,0,0,0,0,0,0,0,0,0,0,0,0,0,0,0,0,0,0,0,0,0,0,0,0,0,0,0,0,0,0,0,0,0,0,0,0,0,0,0,0,0,0,0,0,0,0,
0,0,0,0,0,0,0,0,0,0,0,0,0,0,0,0,0,0,0,0,0,0,0,0,0,0,0,0,0,0,0,0,0,0,0,0,0,0,0,0,0,0,0,0,0,0,0,0,0,0,4095,4095,4095,4095,4095,4095,4095,4095,4095,4095,4095,4095,4095,4095,4095,4095,4095,4095,4095,4095,4095,4095,4095,4095,4095,4095,4095,4095,4095,4095,4095,4095,4095,4095,4095,4095,4095,4095,4095,4095,4095,4095,4095,4095,4095,4095,4095,4095,4095,4095,
4095,4095,4095,4095,4095,4095,4095,4095,4095,4095,4095,4095,4095,4095,4095,4095,4095,4095,4095,4095,4095,4095,4095,4095,4095,4095,4095,4095,4095,4095,4095,4095,4095,4095,4095,4095,4095,4095,4095,4095,4095,4095,4095,4095,4095,4095,4095,4095,4095,4095,4095,4095,4095,4095,4095,4095,4095,4095,4095,4095,4095,4095,4095,4095,4095,4095,4095,4095,4095,4095,4095,4095,4095,4095,4095,4095,4095,4095,4095,4095,4095,4095,4095,4095,4095,4095,4095,4095,4095,4095,4095,4095,4095,4095,4095,4095,4095,4095,4095,4095,
4095,4095,4095,4095,4095,4095,4095,4095,4095,4095,4095,4095,4095,4095,4095,4095,4095,4095,4095,4095,4095,4095,4095,4095,4095,4095,4095,4095,4095,4095,4095,4095,4095,4095,4095,4095,4095,4095,4095,4095,4095,4095,4095,4095,4095,4095,4095,4095,4095,4095,4095,4095,4095,4095,4095,4095,4095,4095,4095,4095,4095,4095,4095,4095,4095,4095,4095,4095,4095,4095,4095,4095,4095,4095,4095,4095,4095,4095,4095,4095,4095,4095,4095,4095,4095,4095,4095,4095,4095,4095,4095,4095,0,0,0,0,0,0,0,0,
0,0,0,0,0,0,0,0,0,0,0,0,0,0,0,0,0,0,0,0,0,0,0,0,0,0,0,0,0,0,0,0,0,0,0,0,0,0,0,0,0,0,0,0,0,0,0,0,0,0,0,0,0,0,0,0,0,0,0,0,0,0,0,0,0,0,0,0,0,0,0,0,0,0,0,0,0,0,0,0,0,0,0,0,0,0,0,0,0,0,0,0,0,0,0,0,0,0,0,0,
0,0,0,0,0,0,0,0,0,0,0,0,0,0,0,0,0,0,0,0,0,0,0,0,0,0,0,0,0,0,0,0,0,0,0,0,0,0,0,0,0,0,0,0,0,0,4095,4095,4095,4095,4095,4095,4095,4095,4095,4095,4095,4095,4095,4095,4095,4095,4095,4095,4095,4095,4095,4095,4095,4095,4095,4095,4095,4095,4095,4095,4095,4095,4095,4095,4095,4095,4095,4095,4095,4095,4095,4095,4095,4095,4095,4095,4095,4095,4095,4095,4095,4095,4095,4095,
4095,4095,4095,4095,4095,4095,4095,4095,4095,4095,4095,4095,4095,4095,4095,4095,4095,4095,4095,4095,4095,4095,4095,4095,4095,4095,4095,4095,4095,4095,4095,4095,4095,4095,4095,4095,4095,4095,4095,4095,4095,4095,4095,4095,4095,4095,4095,4095,4095,4095,4095,4095,4095,4095,4095,4095,4095,4095,4095,4095,4095,4095,4095,4095,4095,4095,4095,4095,4095,4095,4095,4095,4095,4095,4095,4095,4095,4095,4095,4095,4095,4095,4095,4095,4095,4095,4095,4095,4095,4095,4095,4095,4095,4095,4095,4095,4095,4095,4095,4095,
4095,4095,4095,4095,4095,4095,4095,4095,4095,4095,4095,4095,4095,4095,4095,4095,4095,4095,4095,4095,4095,4095,4095,4095,4095,4095,4095,4095,4095,4095,4095,4095,4095,4095,4095,4095,4095,4095,4095,4095,4095,4095,4095,4095,4095,4095,4095,4095,4095,4095,4095,4095,4095,4095,4095,4095,4095,4095,4095,4095,4095,4095,4095,4095,4095,4095,4095,4095,4095,4095,4095,4095,4095,4095,4095,4095,4095,4095,4095,4095,4095,4095,4095,4095,4095,4095,4095,4095,0,0,0,0,0,0,0,0,0,0,0,0,
0,0,0,0,0,0,0,0,0,0,0,0,0,0,0,0,0,0,0,0,0,0,0,0,0,0,0,0,0,0,0,0,0,0,0,0,0,0,0,0,0,0,0,0,0,0,0,0,0,0,0,0,0,0,0,0,0,0,0,0,0,0,0,0,0,0,0,0,0,0,0,0,0,0,0,0,0,0,0,0,0,0,0,0,0,0,0,0,0,0,0,0,0,0,0,0,0,0,0,0,
0,0,0,0,0,0,0,0,0,0,0,0,0,0,0,0,0,0,0,0,0,0,0,0,0,0,0,0,0,0,0,0,0,0,0,0,0,0,0,0,0,0,0,0,4095,4095,4095,4095,4095,4095,4095,4095,4095,4095,4095,4095,4095,4095,4095,4095,4095,4095,4095,4095,4095,4095,4095,4095,4095,4095,4095,4095,4095,4095,4095,4095,4095,4095,4095,4095,4095,4095,4095,4095,4095,4095,4095,4095,4095,4095,4095,4095,4095,4095,4095,4095,4095,4095,4095,4095,
4095,4095,4095,4095,4095,4095,4095,4095,4095,4095,4095,4095,4095,4095,4095,4095,4095,4095,4095,4095,4095,4095,4095,4095,4095,4095,4095,4095,4095,4095,4095,4095,4095,4095,4095,4095,4095,4095,4095,4095,4095,4095,4095,4095,4095,4095,4095,4095,4095,4095,4095,4095,4095,4095,4095,4095,4095,4095,4095,4095,4095,4095,4095,4095,4095,4095,4095,4095,4095,4095,4095,4095,4095,4095,4095,4095,4095,4095,4095,4095,4095,4095,4095,4095,4095,4095,4095,4095,4095,4095,4095,4095,4095,4095,4095,4095,4095,4095,4095,4095,
4095,4095,4095,4095,4095,4095,4095,4095,4095,4095,4095,4095,4095,4095,4095,4095,4095,4095,4095,4095,4095,4095,4095,4095,4095,4095,4095,4095,4095,4095,4095,4095,4095,4095,4095,4095,4095,4095,4095,4095,4095,4095,4095,4095,4095,4095,4095,4095,4095,4095,4095,4095,4095,4095,4095,4095,4095,4095,4095,4095,4095,4095,4095,4095,4095,4095,4095,4095,4095,4095,4095,4095,4095,4095,4095,4095,4095,4095,4095,4095,4095,4095,4095,4095,4095,4095,0,0,0,0,0,0,0,0,0,0,0,0,0,0,
0,0,0,0,0,0,0,0,0,0,0,0,0,0,0,0,0,0,0,0,0,0,0,0,0,0,0,0,0,0,0,0,0,0,0,0,0,0,0,0,0,0,0,0,0,0,0,0,0,0,0,0,0,0,0,0,0,0,0,0,0,0,0,0,0,0,0,0,0,0,0,0,0,0,0,0,0,0,0,0,0,0,0,0,0,0,0,0,0,0,0,0,0,0,0,0,0,0,0,0,
0,0,0,0,0,0,0,0,0,0,0,0,0,0,0,0,0,0,0,0,0,0,0,0,0,0,0,0,0,0,0,0,0,0,0,0,0,0,0,0,4095,4095,4095,4095,4095,4095,4095,4095,4095,4095,4095,4095,4095,4095,4095,4095,4095,4095,4095,4095,4095,4095,4095,4095,4095,4095,4095,4095,4095,4095,4095,4095,4095,4095,4095,4095,4095,4095,4095,4095,4095,4095,4095,4095,4095,4095,4095,4095,4095,4095,4095,4095,4095,4095,4095,4095,4095,4095,4095,4095,
4095,4095,4095,4095,4095,4095,4095,4095,4095,4095,4095,4095,4095,4095,4095,4095,4095,4095,4095,4095,4095,4095,4095,4095,4095,4095,4095,4095,4095,4095,4095,4095,4095,4095,4095,4095,4095,4095,4095,4095,4095,4095,4095,4095,4095,4095,4095,4095,4095,4095,4095,4095,4095,4095,4095,4095,4095,4095,4095,4095,4095,4095,4095,4095,4095,4095,4095,4095,4095,4095,4095,4095,4095,4095,4095,4095,4095,4095,4095,4095,4095,4095,4095,4095,4095,4095,4095,4095,4095,4095,4095,4095,4095,4095,4095,4095,4095,4095,4095,4095,
4095,4095,4095,4095,4095,4095,4095,4095,4095,4095,4095,4095,4095,4095,4095,4095,4095,4095,4095,4095,4095,4095,4095,4095,4095,4095,4095,4095,4095,4095,4095,4095,4095,4095,4095,4095,4095,4095,4095,4095,4095,4095,4095,4095,4095,4095,4095,4095,4095,4095,4095,4095,4095,4095,4095,4095,4095,4095,4095,4095,4095,4095,4095,4095,4095,4095,4095,4095,4095,4095,4095,4095,4095,4095,4095,4095,4095,4095,4095,4095,4095,4095,0,0,0,0,0,0,0,0,0,0,0,0,0,0,0,0,0,0,
0,0,0,0,0,0,0,0,0,0,0,0,0,0,0,0,0,0,0,0,0,0,0,0,0,0,0,0,0,0,0,0,0,0,0,0,0,0,0,0,0,0,0,0,0,0,0,0,0,0,0,0,0,0,0,0,0,0,0,0,0,0,0,0,0,0,0,0,0,0,0,0,0,0,0,0,0,0,0,0,0,0,0,0,0,0,0,0,0,0,0,0,0,0,0,0,0,0,0,0,
0,0,0,0,0,0,0,0,0,0,0,0,0,0,0,0,0,0,0,0,0,0,0,0,0,0,0,0,0,0,0,0,0,0,0,0,0,0,4095,4095,4095,4095,4095,4095,4095,4095,4095,4095,4095,4095,4095,4095,4095,4095,4095,4095,4095,4095,4095,4095,4095,4095,4095,4095,4095,4095,4095,4095,4095,4095,4095,4095,4095,4095,4095,4095,4095,4095,4095,4095,4095,4095,4095,4095,4095,4095,4095,4095,4095,4095,4095,4095,4095,4095,4095,4095,4095,4095,4095,4095,
4095,4095,4095,4095,4095,4095,4095,4095,4095,4095,4095,4095,4095,4095,4095,4095,4095,4095,4095,4095,4095,4095,4095,4095,4095,4095,4095,4095,4095,4095,4095,4095,4095,4095,4095,4095,4095,4095,4095,4095,4095,4095,4095,4095,4095,4095,4095,4095,4095,4095,4095,4095,4095,4095,4095,4095,4095,4095,4095,4095,4095,4095,4095,4095,4095,4095,4095,4095,4095,4095,4095,4095,4095,4095,4095,4095,4095,4095,4095,4095,4095,4095,4095,4095,4095,4095,4095,4095,4095,4095,4095,4095,4095,4095,4095,4095,4095,4095,4095,4095,
4095,4095,4095,4095,4095,4095,4095,4095,4095,4095,4095,4095,4095,4095,4095,4095,4095,4095,4095,4095,4095,4095,4095,4095,4095,4095,4095,4095,4095,4095,4095,4095,4095,4095,4095,4095,4095,4095,4095,4095,4095,4095,4095,4095,4095,4095,4095,4095,4095,4095,4095,4095,4095,4095,4095,4095,4095,4095,4095,4095,4095,4095,4095,4095,4095,4095,4095,4095,4095,4095,4095,4095,4095,4095,4095,4095,4095,4095,4095,4095,0,0,0,0,0,0,0,0,0,0,0,0,0,0,0,0,0,0,0,0,
0,0,0,0,0,0,0,0,0,0,0,0,0,0,0,0,0,0,0,0,0,0,0,0,0,0,0,0,0,0,0,0,0,0,0,0,0,0,0,0,0,0,0,0,0,0,0,0,0,0,0,0,0,0,0,0,0,0,0,0,0,0,0,0,0,0,0,0,0,0,0,0,0,0,0,0,0,0,0,0,0,0,0,0,0,0,0,0,0,0,0,0,0,0,0,0,0,0,0,0,
0,0,0,0,0,0,0,0,0,0,0,0,0,0,0,0,0,0,0,0,0,0,0,0,0,0,0,0,0,0,0,0,0,0,4095,4095,4095,4095,4095,4095,4095,4095,4095,4095,4095,4095,4095,4095,4095,4095,4095,4095,4095,4095,4095,4095,4095,4095,4095,4095,4095,4095,4095,4095,4095,4095,4095,4095,4095,4095,4095,4095,4095,4095,4095,4095,4095,4095,4095,4095,4095,4095,4095,4095,4095,4095,4095,4095,4095,4095,4095,4095,4095,4095,4095,4095,4095,4095,4095,4095,
4095,4095,4095,4095,4095,4095,4095,4095,4095,4095,4095,4095,4095,4095,4095,4095,4095,4095,4095,4095,4095,4095,4095,4095,4095,4095,4095,4095,4095,4095,4095,4095,4095,4095,4095,4095,4095,4095,4095,4095,4095,4095,4095,4095,4095,4095,4095,4095,4095,4095,4095,4095,4095,4095,4095,4095,4095,4095,4095,4095,4095,4095,4095,4095,4095,4095,4095,4095,4095,4095,4095,4095,4095,4095,4095,4095,4095,4095,4095,4095,4095,4095,4095,4095,4095,4095,4095,4095,4095,4095,4095,4095,4095,4095,4095,4095,4095,4095,4095,4095,
4095,4095,4095,4095,4095,4095,4095,4095,4095,4095,4095,4095,4095,4095,4095,4095,4095,4095,4095,4095,4095,4095,4095,4095,4095,4095,4095,4095,4095,4095,4095,4095,4095,4095,4095,4095,4095,4095,4095,4095,4095,4095,4095,4095,4095,4095,4095,4095,4095,4095,4095,4095,4095,4095,4095,4095,4095,4095,4095,4095,4095,4095,4095,4095,4095,4095,4095,4095,4095,4095,4095,4095,4095,4095,4095,4095,0,0,0,0,0,0,0,0,0,0,0,0,0,0,0,0,0,0,0,0,0,0,0,0,
0,0,0,0,0,0,0,0,0,0,0,0,0,0,0,0,0,0,0,0,0,0,0,0,0,0,0,0,0,0,0,0,0,0,0,0,0,0,0,0,0,0,0,0,0,0,0,0,0,0,0,0,0,0,0,0,0,0,0,0,0,0,0,0,0,0,0,0,0,0,0,0,0,0,0,0,0,0,0,0,0,0,0,0,0,0,0,0,0,0,0,0,0,0,0,0,0,0,0,0,
0,0,0,0,0,0,0,0,0,0,0,0,0,0,0,0,0,0,0,0,0,0,0,0,0,0,0,0,0,0,4095,4095,4095,4095,4095,4095,4095,4095,4095,4095,4095,4095,4095,4095,4095,4095,4095,4095,4095,4095,4095,4095,4095,4095,4095,4095,4095,4095,4095,4095,4095,4095,4095,4095,4095,4095,4095,4095,4095,4095,4095,4095,4095,4095,4095,4095,4095,4095,4095,4095,4095,4095,4095,4095,4095,4095,4095,4095,4095,4095,4095,4095,4095,4095,4095,4095,4095,4095,4095,4095,
4095,4095,4095,4095,4095,4095,4095,4095,4095,4095,4095,4095,4095,4095,4095,4095,4095,4095,4095,4095,4095,4095,4095,4095,4095,4095,4095,4095,4095,4095,4095,4095,4095,4095,4095,4095,4095,4095,4095,4095,4095,4095,4095,4095,4095,4095,4095,4095,4095,4095,4095,4095,4095,4095,4095,4095,4095,4095,4095,4095,4095,4095,4095,4095,4095,4095,4095,4095,4095,4095,4095,4095,4095,4095,4095,4095,4095,4095,4095,4095,4095,4095,4095,4095,4095,4095,4095,4095,4095,4095,4095,4095,4095,4095,4095,4095,4095,4095,4095,4095,
4095,4095,4095,4095,4095,4095,4095,4095,4095,4095,4095,4095,4095,4095,4095,4095,4095,4095,4095,4095,4095,4095,4095,4095,4095,4095,4095,4095,4095,4095,4095,4095,4095,4095,4095,4095,4095,4095,4095,4095,4095,4095,4095,4095,4095,4095,4095,4095,4095,4095,4095,4095,4095,4095,4095,4095,4095,4095,4095,4095,4095,4095,4095,4095,4095,4095,4095,4095,4095,4095,4095,4095,0,0,0,0,0,0,0,0,0,0,0,0,0,0,0,0,0,0,0,0,0,0,0,0,0,0,0,0,
0,0,0,0,0,0,0,0,0,0,0,0,0,0,0,0,0,0,0,0,0,0,0,0,0,0,0,0,0,0,0,0,0,0,0,0,0,0,0,0,0,0,0,0,0,0,0,0,0,0,0,0,0,0,0,0,0,0,0,0,0,0,0,0,0,0,0,0,0,0,0,0,0,0,0,0,0,0,0,0,0,0,0,0,0,0,0,0,0,0,0,0,0,0,0,0,0,0,0,0,
0,0,0,0,0,0,0,0,0,0,0,0,0,0,0,0,0,0,0,0,0,0,0,0,0,0,0,0,4095,4095,4095,4095,4095,4095,4095,4095,4095,4095,4095,4095,4095,4095,4095,4095,4095,4095,4095,4095,4095,4095,4095,4095,4095,4095,4095,4095,4095,4095,4095,4095,4095,4095,4095,4095,4095,4095,4095,4095,4095,4095,4095,4095,4095,4095,4095,4095,4095,4095,4095,4095,4095,4095,4095,4095,4095,4095,4095,4095,4095,4095,4095,4095,4095,4095,4095,4095,4095,4095,4095,4095,
4095,4095,4095,4095,4095,4095,4095,4095,4095,4095,4095,4095,4095,4095,4095,4095,4095,4095,4095,4095,4095,4095,4095,4095,4095,4095,4095,4095,4095,4095,4095,4095,4095,4095,4095,4095,4095,4095,4095,4095,4095,4095,4095,4095,4095,4095,4095,4095,4095,4095,4095,4095,4095,4095,4095,4095,4095,4095,4095,4095,4095,4095,4095,4095,4095,4095,4095,4095,4095,4095,4095,4095,4095,4095,4095,4095,4095,4095,4095,4095,4095,4095,4095,4095,4095,4095,4095,4095,4095,4095,4095,4095,4095,4095,4095,4095,4095,4095,4095,4095,
4095,4095,4095,4095,4095,4095,4095,4095,4095,4095,4095,4095,4095,4095,4095,4095,4095,4095,4095,4095,4095,4095,4095,4095,4095,4095,4095,4095,4095,4095,4095,4095,4095,4095,4095,4095,4095,4095,4095,4095,4095,4095,4095,4095,4095,4095,4095,4095,4095,4095,4095,4095,4095,4095,4095,4095,4095,4095,4095,4095,4095,4095,4095,4095,4095,4095,4095,4095,4095,4095,0,0,0,0,0,0,0,0,0,0,0,0,0,0,0,0,0,0,0,0,0,0,0,0,0,0,0,0,0,0,
0,0,0,0,0,0,0,0,0,0,0,0,0,0,0,0,0,0,0,0,0,0,0,0,0,0,0,0,0,0,0,0,0,0,0,0,0,0,0,0,0,0,0,0,0,0,0,0,0,0,0,0,0,0,0,0,0,0,0,0,0,0,0,0,0,0,0,0,0,0,0,0,0,0,0,0,0,0,0,0,0,0,0,0,0,0,0,0,0,0,0,0,0,0,0,0,0,0,0,0,
0,0,0,0,0,0,0,0,0,0,0,0,0,0,0,0,0,0,0,0,0,0,0,0,4095,4095,4095,4095,4095,4095,4095,4095,4095,4095,4095,4095,4095,4095,4095,4095,4095,4095,4095,4095,4095,4095,4095,4095,4095,4095,4095,4095,4095,4095,4095,4095,4095,4095,4095,4095,4095,4095,4095,4095,4095,4095,4095,4095,4095,4095,4095,4095,4095,4095,4095,4095,4095,4095,4095,4095,4095,4095,4095,4095,4095,4095,4095,4095,4095,4095,4095,4095,4095,4095,4095,4095,4095,4095,4095,4095,
4095,4095,4095,4095,4095,4095,4095,4095,4095,4095,4095,4095,4095,4095,4095,4095,4095,4095,4095,4095,4095,4095,4095,4095,4095,4095,4095,4095,4095,4095,4095,4095,4095,4095,4095,4095,4095,4095,4095,4095,4095,4095,4095,4095,4095,4095,4095,4095,4095,4095,4095,4095,4095,4095,4095,4095,4095,4095,4095,4095,4095,4095,4095,4095,4095,4095,4095,4095,4095,4095,4095,4095,4095,4095,4095,4095,4095,4095,4095,4095,4095,4095,4095,4095,4095,4095,4095,4095,4095,4095,4095,4095,4095,4095,4095,4095,4095,4095,4095,4095,
4095,4095,4095,4095,4095,4095,4095,4095,4095,4095,4095,4095,4095,4095,4095,4095,4095,4095,4095,4095,4095,4095,4095,4095,4095,4095,4095,4095,4095,4095,4095,4095,4095,4095,4095,4095,4095,4095,4095,4095,4095,4095,4095,4095,4095,4095,4095,4095,4095,4095,4095,4095,4095,4095,4095,4095,4095,4095,4095,4095,4095,4095,4095,4095,4095,4095,0,0,0,0,0,0,0,0,0,0,0,0,0,0,0,0,0,0,0,0,0,0,0,0,0,0,0,0,0,0,0,0,0,0,
0,0,0,0,0,0,0,0,0,0,0,0,0,0,0,0,0,0,0,0,0,0,0,0,0,0,0,0,0,0,0,0,0,0,0,0,0,0,0,0,0,0,0,0,0,0,0,0,0,0,0,0,0,0,0,0,0,0,0,0,0,0,0,0,0,0,0,0,0,0,0,0,0,0,0,0,0,0,0,0,0,0,0,0,0,0,0,0,0,0,0,0,0,0,0,0,0,0,0,0,
0,0,0,0,0,0,0,0,0,0,0,0,0,0,0,0,0,0,0,0,0,0,4095,4095,4095,4095,4095,4095,4095,4095,4095,4095,4095,4095,4095,4095,4095,4095,4095,4095,4095,4095,4095,4095,4095,4095,4095,4095,4095,4095,4095,4095,4095,4095,4095,4095,4095,4095,4095,4095,4095,4095,4095,4095,4095,4095,4095,4095,4095,4095,4095,4095,4095,4095,4095,4095,4095,4095,4095,4095,4095,4095,4095,4095,4095,4095,4095,4095,4095,4095,4095,4095,4095,4095,4095,4095,4095,4095,4095,4095,
4095,4095,4095,4095,4095,4095,4095,4095,4095,4095,4095,4095,4095,4095,4095,4095,4095,4095,4095,4095,4095,4095,4095,4095,4095,4095,4095,4095,4095,4095,4095,4095,4095,4095,4095,4095,4095,4095,4095,4095,4095,4095,4095,4095,4095,4095,4095,4095,4095,4095,4095,4095,4095,4095,4095,4095,4095,4095,4095,4095,4095,4095,4095,4095,4095,4095,4095,4095,4095,4095,4095,4095,4095,4095,4095,4095,4095,4095,4095,4095,4095,4095,4095,4095,4095,4095,4095,4095,4095,4095,4095,4095,4095,4095,4095,4095,4095,4095,4095,4095,
4095,4095,4095,4095,4095,4095,4095,4095,4095,4095,4095,4095,4095,4095,4095,4095,4095,4095,4095,4095,4095,4095,4095,4095,4095,4095,4095,4095,4095,4095,4095,4095,4095,4095,4095,4095,4095,4095,4095,4095,4095,4095,4095,4095,4095,4095,4095,4095,4095,4095,4095,4095,4095,4095,4095,4095,4095,4095,4095,4095,4095,4095,4095,4095,0,0,0,0,0,0,0,0,0,0,0,0,0,0,0,0,0,0,0,0,0,0,0,0,0,0,0,0,0,0,0,0,0,0,0,0,
0,0,0,0,0,0,0,0,0,0,0,0,0,0,0,0,0,0,0,0,0,0,0,0,0,0,0,0,0,0,0,0,0,0,0,0,0,0,0,0,0,0,0,0,0,0,0,0,0,0,0,0,0,0,0,0,0,0,0,0,0,0,0,0,0,0,0,0,0,0,0,0,0,0,0,0,0,0,0,0,0,0,0,0,0,0,0,0,0,0,0,0,0,0,0,0,0,0,0,0,
0,0,0,0,0,0,0,0,0,0,0,0,0,0,0,0,0,0,4095,4095,4095,4095,4095,4095,4095,4095,4095,4095,4095,4095,4095,4095,4095,4095,4095,4095,4095,4095,4095,4095,4095,4095,4095,4095,4095,4095,4095,4095,4095,4095,4095,4095,4095,4095,4095,4095,4095,4095,4095,4095,4095,4095,4095,4095,4095,4095,4095,4095,4095,4095,4095,4095,4095,4095,4095,4095,4095,4095,4095,4095,4095,4095,4095,4095,4095,4095,4095,4095,4095,4095,4095,4095,4095,4095,4095,4095,4095,4095,4095,4095,
4095,4095,4095,4095,4095,4095,4095,4095,4095,4095,4095,4095,4095,4095,4095,4095,4095,4095,4095,4095,4095,4095,4095,4095,4095,4095,4095,4095,4095,4095,4095,4095,4095,4095,4095,4095,4095,4095,4095,4095,4095,4095,4095,4095,4095,4095,4095,4095,4095,4095,4095,4095,4095,4095,4095,4095,4095,4095,4095,4095,4095,4095,4095,4095,4095,4095,4095,4095,4095,4095,4095,4095,4095,4095,4095,4095,4095,4095,4095,4095,4095,4095,4095,4095,4095,4095,4095,4095,4095,4095,4095,4095,4095,4095,4095,4095,4095,4095,4095,4095,
4095,4095,4095,4095,4095,4095,4095,4095,4095,4095,4095,4095,4095,4095,4095,4095,4095,4095,4095,4095,4095,4095,4095,4095,4095,4095,4095,4095,4095,4095,4095,4095,4095,4095,4095,4095,4095,4095,4095,4095,4095,4095,4095,4095,4095,4095,4095,4095,4095,4095,4095,4095,4095,4095,4095,4095,4095,4095,4095,4095,0,0,0,0,0,0,0,0,0,0,0,0,0,0,0,0,0,0,0,0,0,0,0,0,0,0,0,0,0,0,0,0,0,0,0,0,0,0,0,0,
0,0,0,0,0,0,0,0,0,0,0,0,0,0,0,0,0,0,0,0,0,0,0,0,0,0,0,0,0,0,0,0,0,0,0,0,0,0,0,0,0,0,0,0,0,0,0,0,0,0,0,0,0,0,0,0,0,0,0,0,0,0,0,0,0,0,0,0,0,0,0,0,0,0,0,0,0,0,0,0,0,0,0,0,0,0,0,0,0,0,0,0,0,0,0,0,0,0,0,0,
0,0,0,0,0,0,0,0,0,0,0,0,0,0,0,0,4095,4095,4095,4095,4095,4095,4095,4095,4095,4095,4095,4095,4095,4095,4095,4095,4095,4095,4095,4095,4095,4095,4095,4095,4095,4095,4095,4095,4095,4095,4095,4095,4095,4095,4095,4095,4095,4095,4095,4095,4095,4095,4095,4095,4095,4095,4095,4095,4095,4095,4095,4095,4095,4095,4095,4095,4095,4095,4095,4095,4095,4095,4095,4095,4095,4095,4095,4095,4095,4095,4095,4095,4095,4095,4095,4095,4095,4095,4095,4095,4095,4095,4095,4095,
4095,4095,4095,4095,4095,4095,4095,4095,4095,4095,4095,4095,4095,4095,4095,4095,4095,4095,4095,4095,4095,4095,4095,4095,4095,4095,4095,4095,4095,4095,4095,4095,4095,4095,4095,4095,4095,4095,4095,4095,4095,4095,4095,4095,4095,4095,4095,4095,4095,4095,4095,4095,4095,4095,4095,4095,4095,4095,4095,4095,4095,4095,4095,4095,4095,4095,4095,4095,4095,4095,4095,4095,4095,4095,4095,4095,4095,4095,4095,4095,4095,4095,4095,4095,4095,4095,4095,4095,4095,4095,4095,4095,4095,4095,4095,4095,4095,4095,4095,4095,
4095,4095,4095,4095,4095,4095,4095,4095,4095,4095,4095,4095,4095,4095,4095,4095,4095,4095,4095,4095,4095,4095,4095,4095,4095,4095,4095,4095,4095,4095,4095,4095,4095,4095,4095,4095,4095,4095,4095,4095,4095,4095,4095,4095,4095,4095,4095,4095,4095,4095,4095,4095,4095,4095,4095,4095,4095,4095,0,0,0,0,0,0,0,0,0,0,0,0,0,0,0,0,0,0,0,0,0,0,0,0,0,0,0,0,0,0,0,0,0,0,0,0,0,0,0,0,0,0,
0,0,0,0,0,0,0,0,0,0,0,0,0,0,0,0,0,0,0,0,0,0,0,0,0,0,0,0,0,0,0,0,0,0,0,0,0,0,0,0,0,0,0,0,0,0,0,0,0,0,0,0,0,0,0,0,0,0,0,0,0,0,0,0,0,0,0,0,0,0,0,0,0,0,0,0,0,0,0,0,0,0,0,0,0,0,0,0,0,0,0,0,0,0,0,0,0,0,0,0,
0,0,0,0,0,0,0,0,0,0,0,0,4095,4095,4095,4095,4095,4095,4095,4095,4095,4095,4095,4095,4095,4095,4095,4095,4095,4095,4095,4095,4095,4095,4095,4095,4095,4095,4095,4095,4095,4095,4095,4095,4095,4095,4095,4095,4095,4095,4095,4095,4095,4095,4095,4095,4095,4095,4095,4095,4095,4095,4095,4095,4095,4095,4095,4095,4095,4095,4095,4095,4095,4095,4095,4095,4095,4095,4095,4095,4095,4095,4095,4095,4095,4095,4095,4095,4095,4095,4095,4095,4095,4095,4095,4095,4095,4095,4095,4095,
4095,4095,4095,4095,4095,4095,4095,4095,4095,4095,4095,4095,4095,4095,4095,4095,4095,4095,4095,4095,4095,4095,4095,4095,4095,4095,4095,4095,4095,4095,4095,4095,4095,4095,4095,4095,4095,4095,4095,4095,4095,4095,4095,4095,4095,4095,4095,4095,4095,4095,4095,4095,4095,4095,4095,4095,4095,4095,4095,4095,4095,4095,4095,4095,4095,4095,4095,4095,4095,4095,4095,4095,4095,4095,4095,4095,4095,4095,4095,4095,4095,4095,4095,4095,4095,4095,4095,4095,4095,4095,4095,4095,4095,4095,4095,4095,4095,4095,4095,4095,
4095,4095,4095,4095,4095,4095,4095,4095,4095,4095,4095,4095,4095,4095,4095,4095,4095,4095,4095,4095,4095,4095,4095,4095,4095,4095,4095,4095,4095,4095,4095,4095,4095,4095,4095,4095,4095,4095,4095,4095,4095,4095,4095,4095,4095,4095,4095,4095,4095,4095,4095,4095,4095,4095,0,0,0,0,0,0,0,0,0,0,0,0,0,0,0,0,0,0,0,0,0,0,0,0,0,0,0,0,0,0,0,0,0,0,0,0,0,0,0,0,0,0,0,0,0,0,
0,0,0,0,0,0,0,0,0,0,0,0,0,0,0,0,0,0,0,0,0,0,0,0,0,0,0,0,0,0,0,0,0,0,0,0,0,0,0,0,0,0,0,0,0,0,0,0,0,0,0,0,0,0,0,0,0,0,0,0,0,0,0,0,0,0,0,0,0,0,0,0,0,0,0,0,0,0,0,0,0,0,0,0,0,0,0,0,0,0,0,0,0,0,0,0,0,0,0,0,
0,0,0,0,0,0,0,0,4095,4095,4095,4095,4095,4095,4095,4095,4095,4095,4095,4095,4095,4095,4095,4095,4095,4095,4095,4095,4095,4095,4095,4095,4095,4095,4095,4095,4095,4095,4095,4095,4095,4095,4095,4095,4095,4095,4095,4095,4095,4095,4095,4095,4095,4095,4095,4095,4095,4095,4095,4095,4095,4095,4095,4095,4095,4095,4095,4095,4095,4095,4095,4095,4095,4095,4095,4095,4095,4095,4095,4095,4095,4095,4095,4095,4095,4095,4095,4095,4095,4095,4095,4095,4095,4095,4095,4095,4095,4095,4095,4095,
4095,4095,4095,4095,4095,4095,4095,4095,4095,4095,4095,4095,4095,4095,4095,4095,4095,4095,4095,4095,4095,4095,4095,4095,4095,4095,4095,4095,4095,4095,4095,4095,4095,4095,4095,4095,4095,4095,4095,4095,4095,4095,4095,4095,4095,4095,4095,4095,4095,4095,4095,4095,4095,4095,4095,4095,4095,4095,4095,4095,4095,4095,4095,4095,4095,4095,4095,4095,4095,4095,4095,4095,4095,4095,4095,4095,4095,4095,4095,4095,4095,4095,4095,4095,4095,4095,4095,4095,4095,4095,4095,4095,4095,4095,4095,4095,4095,4095,4095,4095,
4095,4095,4095,4095,4095,4095,4095,4095,4095,4095,4095,4095,4095,4095,4095,4095,4095,4095,4095,4095,4095,4095,4095,4095,4095,4095,4095,4095,4095,4095,4095,4095,4095,4095,4095,4095,4095,4095,4095,4095,4095,4095,4095,4095,4095,4095,4095,4095,4095,4095,4095,4095,0,0,0,0,0,0,0,0,0,0,0,0,0,0,0,0,0,0,0,0,0,0,0,0,0,0,0,0,0,0,0,0,0,0,0,0,0,0,0,0,0,0,0,0,0,0,0,0,
0,0,0,0,0,0,0,0,0,0,0,0,0,0,0,0,0,0,0,0,0,0,0,0,0,0,0,0,0,0,0,0,0,0,0,0,0,0,0,0,0,0,0,0,0,0,0,0,0,0,0,0,0,0,0,0,0,0,0,0,0,0,0,0,0,0,0,0,0,0,0,0,0,0,0,0,0,0,0,0,0,0,0,0,0,0,0,0,0,0,0,0,0,0,0,0,0,0,0,0,
0,0,0,0,0,0,4095,4095,4095,4095,4095,4095,4095,4095,4095,4095,4095,4095,4095,4095,4095,4095,4095,4095,4095,4095,4095,4095,4095,4095,4095,4095,4095,4095,4095,4095,4095,4095,4095,4095,4095,4095,4095,4095,4095,4095,4095,4095,4095,4095,4095,4095,4095,4095,4095,4095,4095,4095,4095,4095,4095,4095,4095,4095,4095,4095,4095,4095,4095,4095,4095,4095,4095,4095,4095,4095,4095,4095,4095,4095,4095,4095,4095,4095,4095,4095,4095,4095,4095,4095,4095,4095,4095,4095,4095,4095,4095,4095,4095,4095,
4095,4095,4095,4095,4095,4095,4095,4095,4095,4095,4095,4095,4095,4095,4095,4095,4095,4095,4095,4095,4095,4095,4095,4095,4095,4095,4095,4095,4095,4095,4095,4095,4095,4095,4095,4095,4095,4095,4095,4095,4095,4095,4095,4095,4095,4095,4095,4095,4095,4095,4095,4095,4095,4095,4095,4095,4095,4095,4095,4095,4095,4095,4095,4095,4095,4095,4095,4095,4095,4095,4095,4095,4095,4095,4095,4095,4095,4095,4095,4095,4095,4095,4095,4095,4095,4095,4095,4095,4095,4095,4095,4095,4095,4095,4095,4095,4095,4095,4095,4095,
4095,4095,4095,4095,4095,4095,4095,4095,4095,4095,4095,4095,4095,4095,4095,4095,4095,4095,4095,4095,4095,4095,4095,4095,4095,4095,4095,4095,4095,4095,4095,4095,4095,4095,4095,4095,4095,4095,4095,4095,4095,4095,4095,4095,4095,4095,4095,4095,0,0,0,0,0,0,0,0,0,0,0,0,0,0,0,0,0,0,0,0,0,0,0,0,0,0,0,0,0,0,0,0,0,0,0,0,0,0,0,0,0,0,0,0,0,0,0,0,0,0,0,0,
0,0,0,0,0,0,0,0,0,0,0,0,0,0,0,0,0,0,0,0,0,0,0,0,0,0,0,0,0,0,0,0,0,0,0,0,0,0,0,0,0,0,0,0,0,0,0,0,0,0,0,0,0,0,0,0,0,0,0,0,0,0,0,0,0,0,0,0,0,0,0,0,0,0,0,0,0,0,0,0,0,0,0,0,0,0,0,0,0,0,0,0,0,0,0,0,0,0,0,0,
0,0,4095,4095,4095,4095,4095,4095,4095,4095,4095,4095,4095,4095,4095,4095,4095,4095,4095,4095,4095,4095,4095,4095,4095,4095,4095,4095,4095,4095,4095,4095,4095,4095,4095,4095,4095,4095,4095,4095,4095,4095,4095,4095,4095,4095,4095,4095,4095,4095,4095,4095,4095,4095,4095,4095,4095,4095,4095,4095,4095,4095,4095,4095,4095,4095,4095,4095,4095,4095,4095,4095,4095,4095,4095,4095,4095,4095,4095,4095,4095,4095,4095,4095,4095,4095,4095,4095,4095,4095,4095,4095,4095,4095,4095,4095,4095,4095,4095,4095,
4095,4095,4095,4095,4095,4095,4095,4095,4095,4095,4095,4095,4095,4095,4095,4095,4095,4095,4095,4095,4095,4095,4095,4095,4095,4095,4095,4095,4095,4095,4095,4095,4095,4095,4095,4095,4095,4095,4095,4095,4095,4095,4095,4095,4095,4095,4095,4095,4095,4095,4095,4095,4095,4095,4095,4095,4095,4095,4095,4095,4095,4095,4095,4095,4095,4095,4095,4095,4095,4095,4095,4095,4095,4095,4095,4095,4095,4095,4095,4095,4095,4095,4095,4095,4095,4095,4095,4095,4095,4095,4095,4095,4095,4095,4095,4095,4095,4095,4095,4095,
4095,4095,4095,4095,4095,4095,4095,4095,4095,4095,4095,4095,4095,4095,4095,4095,4095,4095,4095,4095,4095,4095,4095,4095,4095,4095,4095,4095,4095,4095,4095,4095,4095,4095,4095,4095,4095,4095,4095,4095,4095,4095,4095,4095,0,0,0,0,0,0,0,0,0,0,0,0,0,0,0,0,0,0,0,0,0,0,0,0,0,0,0,0,0,0,0,0,0,0,0,0,0,0,0,0,0,0,0,0,0,0,0,0,0,0,0,0,0,0,0,0,
0,0,0,0,0,0,0,0,0,0,0,0,0,0,0,0,0,0,0,0,0,0,0,0,0,0,0,0,0,0,0,0,0,0,0,0,0,0,0,0,0,0,0,0,0,0,0,0,0,0,0,0,0,0,0,0,0,0,0,0,0,0,0,0,0,0,0,0,0,0,0,0,0,0,0,0,0,0,0,0,0,0,0,0,0,0,0,0,0,0,0,0,0,0,0,0,0,0,0,0,
4095,4095,4095,4095,4095,4095,4095,4095,4095,4095,4095,4095,4095,4095,4095,4095,4095,4095,4095,4095,4095,4095,4095,4095,4095,4095,4095,4095,4095,4095,4095,4095,4095,4095,4095,4095,4095,4095,4095,4095,4095,4095,4095,4095,4095,4095,4095,4095,4095,4095,4095,4095,4095,4095,4095,4095,4095,4095,4095,4095,4095,4095,4095,4095,4095,4095,4095,4095,4095,4095,4095,4095,4095,4095,4095,4095,4095,4095,4095,4095,4095,4095,4095,4095,4095,4095,4095,4095,4095,4095,4095,4095,4095,4095,4095,4095,4095,4095,4095,4095,
4095,4095,4095,4095,4095,4095,4095,4095,4095,4095,4095,4095,4095,4095,4095,4095,4095,4095,4095,4095,4095,4095,4095,4095,4095,4095,4095,4095,4095,4095,4095,4095,4095,4095,4095,4095,4095,4095,4095,4095,4095,4095,4095,4095,4095,4095,4095,4095,4095,4095,4095,4095,4095,4095,4095,4095,4095,4095,4095,4095,4095,4095,4095,4095,4095,4095,4095,4095,4095,4095,4095,4095,4095,4095,4095,4095,4095,4095,4095,4095,4095,4095,4095,4095,4095,4095,4095,4095,4095,4095,4095,4095,4095,4095,4095,4095,4095,4095,4095,4095,
4095,4095,4095,4095,4095,4095,4095,4095,4095,4095,4095,4095,4095,4095,4095,4095,4095,4095,4095,4095,4095,4095,4095,4095,4095,4095,4095,4095,4095,4095,4095,4095,4095,4095,4095,4095,4095,4095,4095,4095,4095,4095,0,0,0,0,0,0,0,0,0,0,0,0,0,0,0,0,0,0,0,0,0,0,0,0,0,0,0,0,0,0,0,0,0,0,0,0,0,0,0,0,0,0,0,0,0,0,0,0,0,0,0,0,0,0,0,0,0,0,
0,0,0,0,0,0,0,0,0,0,0,0,0,0,0,0,0,0,0,0,0,0,0,0,0,0,0,0,0,0,0,0,0,0,0,0,0,0,0,0,0,0,0,0,0,0,0,0,0,0,0,0,0,0,0,0,0,0,0,0,0,0,0,0,0,0,0,0,0,0,0,0,0,0,0,0,0,0,0,0,0,0,0,0,0,0,0,0,0,0,0,0,0,0,0,0,4095,4095,4095,4095,
4095,4095,4095,4095,4095,4095,4095,4095,4095,4095,4095,4095,4095,4095,4095,4095,4095,4095,4095,4095,4095,4095,4095,4095,4095,4095,4095,4095,4095,4095,4095,4095,4095,4095,4095,4095,4095,4095,4095,4095,4095,4095,4095,4095,4095,4095,4095,4095,4095,4095,4095,4095,4095,4095,4095,4095,4095,4095,4095,4095,4095,4095,4095,4095,4095,4095,4095,4095,4095,4095,4095,4095,4095,4095,4095,4095,4095,4095,4095,4095,4095,4095,4095,4095,4095,4095,4095,4095,4095,4095,4095,4095,4095,4095,4095,4095,4095,4095,4095,4095,
4095,4095,4095,4095,4095,4095,4095,4095,4095,4095,4095,4095,4095,4095,4095,4095,4095,4095,4095,4095,4095,4095,4095,4095,4095,4095,4095,4095,4095,4095,4095,4095,4095,4095,4095,4095,4095,4095,4095,4095,4095,4095,4095,4095,4095,4095,4095,4095,4095,4095,4095,4095,4095,4095,4095,4095,4095,4095,4095,4095,4095,4095,4095,4095,4095,4095,4095,4095,4095,4095,4095,4095,4095,4095,4095,4095,4095,4095,4095,4095,4095,4095,4095,4095,4095,4095,4095,4095,4095,4095,4095,4095,4095,4095,4095,4095,4095,4095,4095,4095,
4095,4095,4095,4095,4095,4095,4095,4095,4095,4095,4095,4095,4095,4095,4095,4095,4095,4095,4095,4095,4095,4095,4095,4095,4095,4095,4095,4095,4095,4095,4095,4095,4095,4095,4095,4095,4095,4095,0,0,0,0,0,0,0,0,0,0,0,0,0,0,0,0,0,0,0,0,0,0,0,0,0,0,0,0,0,0,0,0,0,0,0,0,0,0,0,0,0,0,0,0,0,0,0,0,0,0,0,0,0,0,0,0,0,0,0,0,0,0,
0,0,0,0,0,0,0,0,0,0,0,0,0,0,0,0,0,0,0,0,0,0,0,0,0,0,0,0,0,0,0,0,0,0,0,0,0,0,0,0,0,0,0,0,0,0,0,0,0,0,0,0,0,0,0,0,0,0,0,0,0,0,0,0,0,0,0,0,0,0,0,0,0,0,0,0,0,0,0,0,0,0,0,0,0,0,0,0,0,0,0,0,0,0,4095,4095,4095,4095,4095,4095,
4095,4095,4095,4095,4095,4095,4095,4095,4095,4095,4095,4095,4095,4095,4095,4095,4095,4095,4095,4095,4095,4095,4095,4095,4095,4095,4095,4095,4095,4095,4095,4095,4095,4095,4095,4095,4095,4095,4095,4095,4095,4095,4095,4095,4095,4095,4095,4095,4095,4095,4095,4095,4095,4095,4095,4095,4095,4095,4095,4095,4095,4095,4095,4095,4095,4095,4095,4095,4095,4095,4095,4095,4095,4095,4095,4095,4095,4095,4095,4095,4095,4095,4095,4095,4095,4095,4095,4095,4095,4095,4095,4095,4095,4095,4095,4095,4095,4095,4095,4095,
4095,4095,4095,4095,4095,4095,4095,4095,4095,4095,4095,4095,4095,4095,4095,4095,4095,4095,4095,4095,4095,4095,4095,4095,4095,4095,4095,4095,4095,4095,4095,4095,4095,4095,4095,4095,4095,4095,4095,4095,4095,4095,4095,4095,4095,4095,4095,4095,4095,4095,4095,4095,4095,4095,4095,4095,4095,4095,4095,4095,4095,4095,4095,4095,4095,4095,4095,4095,4095,4095,4095,4095,4095,4095,4095,4095,4095,4095,4095,4095,4095,4095,4095,4095,4095,4095,4095,4095,4095,4095,4095,4095,4095,4095,4095,4095,4095,4095,4095,4095,
4095,4095,4095,4095,4095,4095,4095,4095,4095,4095,4095,4095,4095,4095,4095,4095,4095,4095,4095,4095,4095,4095,4095,4095,4095,4095,4095,4095,4095,4095,4095,4095,4095,4095,4095,4095,0,0,0,0,0,0,0,0,0,0,0,0,0,0,0,0,0,0,0,0,0,0,0,0,0,0,0,0,0,0,0,0,0,0,0,0,0,0,0,0,0,0,0,0,0,0,0,0,0,0,0,0,0,0,0,0,0,0,0,0,0,0,0,0,
0,0,0,0,0,0,0,0,0,0,0,0,0,0,0,0,0,0,0,0,0,0,0,0,0,0,0,0,0,0,0,0,0,0,0,0,0,0,0,0,0,0,0,0,0,0,0,0,0,0,0,0,0,0,0,0,0,0,0,0,0,0,0,0,0,0,0,0,0,0,0,0,0,0,0,0,0,0,0,0,0,0,0,0,0,0,0,0,0,0,4095,4095,4095,4095,4095,4095,4095,4095,4095,4095,
4095,4095,4095,4095,4095,4095,4095,4095,4095,4095,4095,4095,4095,4095,4095,4095,4095,4095,4095,4095,4095,4095,4095,4095,4095,4095,4095,4095,4095,4095,4095,4095,4095,4095,4095,4095,4095,4095,4095,4095,4095,4095,4095,4095,4095,4095,4095,4095,4095,4095,4095,4095,4095,4095,4095,4095,4095,4095,4095,4095,4095,4095,4095,4095,4095,4095,4095,4095,4095,4095,4095,4095,4095,4095,4095,4095,4095,4095,4095,4095,4095,4095,4095,4095,4095,4095,4095,4095,4095,4095,4095,4095,4095,4095,4095,4095,4095,4095,4095,4095,
4095,4095,4095,4095,4095,4095,4095,4095,4095,4095,4095,4095,4095,4095,4095,4095,4095,4095,4095,4095,4095,4095,4095,4095,4095,4095,4095,4095,4095,4095,4095,4095,4095,4095,4095,4095,4095,4095,4095,4095,4095,4095,4095,4095,4095,4095,4095,4095,4095,4095,4095,4095,4095,4095,4095,4095,4095,4095,4095,4095,4095,4095,4095,4095,4095,4095,4095,4095,4095,4095,4095,4095,4095,4095,4095,4095,4095,4095,4095,4095,4095,4095,4095,4095,4095,4095,4095,4095,4095,4095,4095,4095,4095,4095,4095,4095,4095,4095,4095,4095,
4095,4095,4095,4095,4095,4095,4095,4095,4095,4095,4095,4095,4095,4095,4095,4095,4095,4095,4095,4095,4095,4095,4095,4095,4095,4095,4095,4095,4095,4095,4095,4095,0,0,0,0,0,0,0,0,0,0,0,0,0,0,0,0,0,0,0,0,0,0,0,0,0,0,0,0,0,0,0,0,0,0,0,0,0,0,0,0,0,0,0,0,0,0,0,0,0,0,0,0,0,0,0,0,0,0,0,0,0,0,0,0,0,0,0,0,
0,0,0,0,0,0,0,0,0,0,0,0,0,0,0,0,0,0,0,0,0,0,0,0,0,0,0,0,0,0,0,0,0,0,0,0,0,0,0,0,0,0,0,0,0,0,0,0,0,0,0,0,0,0,0,0,0,0,0,0,0,0,0,0,0,0,0,0,0,0,0,0,0,0,0,0,0,0,0,0,0,0,0,0,0,0,0,0,4095,4095,4095,4095,4095,4095,4095,4095,4095,4095,4095,4095,
4095,4095,4095,4095,4095,4095,4095,4095,4095,4095,4095,4095,4095,4095,4095,4095,4095,4095,4095,4095,4095,4095,4095,4095,4095,4095,4095,4095,4095,4095,4095,4095,4095,4095,4095,4095,4095,4095,4095,4095,4095,4095,4095,4095,4095,4095,4095,4095,4095,4095,4095,4095,4095,4095,4095,4095,4095,4095,4095,4095,4095,4095,4095,4095,4095,4095,4095,4095,4095,4095,4095,4095,4095,4095,4095,4095,4095,4095,4095,4095,4095,4095,4095,4095,4095,4095,4095,4095,4095,4095,4095,4095,4095,4095,4095,4095,4095,4095,4095,4095,
4095,4095,4095,4095,4095,4095,4095,4095,4095,4095,4095,4095,4095,4095,4095,4095,4095,4095,4095,4095,4095,4095,4095,4095,4095,4095,4095,4095,4095,4095,4095,4095,4095,4095,4095,4095,4095,4095,4095,4095,4095,4095,4095,4095,4095,4095,4095,4095,4095,4095,4095,4095,4095,4095,4095,4095,4095,4095,4095,4095,4095,4095,4095,4095,4095,4095,4095,4095,4095,4095,4095,4095,4095,4095,4095,4095,4095,4095,4095,4095,4095,4095,4095,4095,4095,4095,4095,4095,4095,4095,4095,4095,4095,4095,4095,4095,4095,4095,4095,4095,
4095,4095,4095,4095,4095,4095,4095,4095,4095,4095,4095,4095,4095,4095,4095,4095,4095,4095,4095,4095,4095,4095,4095,4095,4095,4095,4095,4095,4095,4095,0,0,0,0,0,0,0,0,0,0,0,0,0,0,0,0,0,0,0,0,0,0,0,0,0,0,0,0,0,0,0,0,0,0,0,0,0,0,0,0,0,0,0,0,0,0,0,0,0,0,0,0,0,0,0,0,0,0,0,0,0,0,0,0,0,0,0,0,0,0,
0,0,0,0,0,0,0,0,0,0,0,0,0,0,0,0,0,0,0,0,0,0,0,0,0,0,0,0,0,0,0,0,0,0,0,0,0,0,0,0,0,0,0,0,0,0,0,0,0,0,0,0,0,0,0,0,0,0,0,0,0,0,0,0,0,0,0,0,0,0,0,0,0,0,0,0,0,0,0,0,0,0,0,0,4095,4095,4095,4095,4095,4095,4095,4095,4095,4095,4095,4095,4095,4095,4095,4095,
4095,4095,4095,4095,4095,4095,4095,4095,4095,4095,4095,4095,4095,4095,4095,4095,4095,4095,4095,4095,4095,4095,4095,4095,4095,4095,4095,4095,4095,4095,4095,4095,4095,4095,4095,4095,4095,4095,4095,4095,4095,4095,4095,4095,4095,4095,4095,4095,4095,4095,4095,4095,4095,4095,4095,4095,4095,4095,4095,4095,4095,4095,4095,4095,4095,4095,4095,4095,4095,4095,4095,4095,4095,4095,4095,4095,4095,4095,4095,4095,4095,4095,4095,4095,4095,4095,4095,4095,4095,4095,4095,4095,4095,4095,4095,4095,4095,4095,4095,4095,
4095,4095,4095,4095,4095,4095,4095,4095,4095,4095,4095,4095,4095,4095,4095,4095,4095,4095,4095,4095,4095,4095,4095,4095,4095,4095,4095,4095,4095,4095,4095,4095,4095,4095,4095,4095,4095,4095,4095,4095,4095,4095,4095,4095,4095,4095,4095,4095,4095,4095,4095,4095,4095,4095,4095,4095,4095,4095,4095,4095,4095,4095,4095,4095,4095,4095,4095,4095,4095,4095,4095,4095,4095,4095,4095,4095,4095,4095,4095,4095,4095,4095,4095,4095,4095,4095,4095,4095,4095,4095,4095,4095,4095,4095,4095,4095,4095,4095,4095,4095,
4095,4095,4095,4095,4095,4095,4095,4095,4095,4095,4095,4095,4095,4095,4095,4095,4095,4095,4095,4095,4095,4095,4095,4095,4095,4095,0,0,0,0,0,0,0,0,0,0,0,0,0,0,0,0,0,0,0,0,0,0,0,0,0,0,0,0,0,0,0,0,0,0,0,0,0,0,0,0,0,0,0,0,0,0,0,0,0,0,0,0,0,0,0,0,0,0,0,0,0,0,0,0,0,0,0,0,0,0,0,0,0,0,
0,0,0,0,0,0,0,0,0,0,0,0,0,0,0,0,0,0,0,0,0,0,0,0,0,0,0,0,0,0,0,0,0,0,0,0,0,0,0,0,0,0,0,0,0,0,0,0,0,0,0,0,0,0,0,0,0,0,0,0,0,0,0,0,0,0,0,0,0,0,0,0,0,0,0,0,0,0,0,0,4095,4095,4095,4095,4095,4095,4095,4095,4095,4095,4095,4095,4095,4095,4095,4095,4095,4095,4095,4095,
4095,4095,4095,4095,4095,4095,4095,4095,4095,4095,4095,4095,4095,4095,4095,4095,4095,4095,4095,4095,4095,4095,4095,4095,4095,4095,4095,4095,4095,4095,4095,4095,4095,4095,4095,4095,4095,4095,4095,4095,4095,4095,4095,4095,4095,4095,4095,4095,4095,4095,4095,4095,4095,4095,4095,4095,4095,4095,4095,4095,4095,4095,4095,4095,4095,4095,4095,4095,4095,4095,4095,4095,4095,4095,4095,4095,4095,4095,4095,4095,4095,4095,4095,4095,4095,4095,4095,4095,4095,4095,4095,4095,4095,4095,4095,4095,4095,4095,4095,4095,
4095,4095,4095,4095,4095,4095,4095,4095,4095,4095,4095,4095,4095,4095,4095,4095,4095,4095,4095,4095,4095,4095,4095,4095,4095,4095,4095,4095,4095,4095,4095,4095,4095,4095,4095,4095,4095,4095,4095,4095,4095,4095,4095,4095,4095,4095,4095,4095,4095,4095,4095,4095,4095,4095,4095,4095,4095,4095,4095,4095,4095,4095,4095,4095,4095,4095,4095,4095,4095,4095,4095,4095,4095,4095,4095,4095,4095,4095,4095,4095,4095,4095,4095,4095,4095,4095,4095,4095,4095,4095,4095,4095,4095,4095,4095,4095,4095,4095,4095,4095,
4095,4095,4095,4095,4095,4095,4095,4095,4095,4095,4095,4095,4095,4095,4095,4095,4095,4095,4095,4095,4095,4095,0,0,0,0,0,0,0,0,0,0,0,0,0,0,0,0,0,0,0,0,0,0,0,0,0,0,0,0,0,0,0,0,0,0,0,0,0,0,0,0,0,0,0,0,0,0,0,0,0,0,0,0,0,0,0,0,0,0,0,0,0,0,0,0,0,0,0,0,0,0,0,0,0,0,0,0,0,0,
0,0,0,0,0,0,0,0,0,0,0,0,0,0,0,0,0,0,0,0,0,0,0,0,0,0,0,0,0,0,0,0,0,0,0,0,0,0,0,0,0,0,0,0,0,0,0,0,0,0,0,0,0,0,0,0,0,0,0,0,0,0,0,0,0,0,0,0,0,0,0,0,0,0,0,0,0,0,4095,4095,4095,4095,4095,4095,4095,4095,4095,4095,4095,4095,4095,4095,4095,4095,4095,4095,4095,4095,4095,4095,
4095,4095,4095,4095,4095,4095,4095,4095,4095,4095,4095,4095,4095,4095,4095,4095,4095,4095,4095,4095,4095,4095,4095,4095,4095,4095,4095,4095,4095,4095,4095,4095,4095,4095,4095,4095,4095,4095,4095,4095,4095,4095,4095,4095,4095,4095,4095,4095,4095,4095,4095,4095,4095,4095,4095,4095,4095,4095,4095,4095,4095,4095,4095,4095,4095,4095,4095,4095,4095,4095,4095,4095,4095,4095,4095,4095,4095,4095,4095,4095,4095,4095,4095,4095,4095,4095,4095,4095,4095,4095,4095,4095,4095,4095,4095,4095,4095,4095,4095,4095,
4095,4095,4095,4095,4095,4095,4095,4095,4095,4095,4095,4095,4095,4095,4095,4095,4095,4095,4095,4095,4095,4095,4095,4095,4095,4095,4095,4095,4095,4095,4095,4095,4095,4095,4095,4095,4095,4095,4095,4095,4095,4095,4095,4095,4095,4095,4095,4095,4095,4095,4095,4095,4095,4095,4095,4095,4095,4095,4095,4095,4095,4095,4095,4095,4095,4095,4095,4095,4095,4095,4095,4095,4095,4095,4095,4095,4095,4095,4095,4095,4095,4095,4095,4095,4095,4095,4095,4095,4095,4095,4095,4095,4095,4095,4095,4095,4095,4095,4095,4095,
4095,4095,4095,4095,4095,4095,4095,4095,4095,4095,4095,4095,4095,4095,4095,4095,4095,4095,4095,4095,0,0,0,0,0,0,0,0,0,0,0,0,0,0,0,0,0,0,0,0,0,0,0,0,0,0,0,0,0,0,0,0,0,0,0,0,0,0,0,0,0,0,0,0,0,0,0,0,0,0,0,0,0,0,0,0,0,0,0,0,0,0,0,0,0,0,0,0,0,0,0,0,0,0,0,0,0,0,0,0,
0,0,0,0,0,0,0,0,0,0,0,0,0,0,0,0,0,0,0,0,0,0,0,0,0,0,0,0,0,0,0,0,0,0,0,0,0,0,0,0,0,0,0,0,0,0,0,0,0,0,0,0,0,0,0,0,0,0,0,0,0,0,0,0,0,0,0,0,0,0,0,0,0,0,4095,4095,4095,4095,4095,4095,4095,4095,4095,4095,4095,4095,4095,4095,4095,4095,4095,4095,4095,4095,4095,4095,4095,4095,4095,4095,
4095,4095,4095,4095,4095,4095,4095,4095,4095,4095,4095,4095,4095,4095,4095,4095,4095,4095,4095,4095,4095,4095,4095,4095,4095,4095,4095,4095,4095,4095,4095,4095,4095,4095,4095,4095,4095,4095,4095,4095,4095,4095,4095,4095,4095,4095,4095,4095,4095,4095,4095,4095,4095,4095,4095,4095,4095,4095,4095,4095,4095,4095,4095,4095,4095,4095,4095,4095,4095,4095,4095,4095,4095,4095,4095,4095,4095,4095,4095,4095,4095,4095,4095,4095,4095,4095,4095,4095,4095,4095,4095,4095,4095,4095,4095,4095,4095,4095,4095,4095,
4095,4095,4095,4095,4095,4095,4095,4095,4095,4095,4095,4095,4095,4095,4095,4095,4095,4095,4095,4095,4095,4095,4095,4095,4095,4095,4095,4095,4095,4095,4095,4095,4095,4095,4095,4095,4095,4095,4095,4095,4095,4095,4095,4095,4095,4095,4095,4095,4095,4095,4095,4095,4095,4095,4095,4095,4095,4095,4095,4095,4095,4095,4095,4095,4095,4095,4095,4095,4095,4095,4095,4095,4095,4095,4095,4095,4095,4095,4095,4095,4095,4095,4095,4095,4095,4095,4095,4095,4095,4095,4095,4095,4095,4095,4095,4095,4095,4095,4095,4095,
4095,4095,4095,4095,4095,4095,4095,4095,4095,4095,4095,4095,4095,4095,4095,4095,0,0,0,0,0,0,0,0,0,0,0,0,0,0,0,0,0,0,0,0,0,0,0,0,0,0,0,0,0,0,0,0,0,0,0,0,0,0,0,0,0,0,0,0,0,0,0,0,0,0,0,0,0,0,0,0,0,0,0,0,0,0,0,0,0,0,0,0,0,0,0,0,0,0,0,0,0,0,0,0,0,0,0,0,
0,0,0,0,0,0,0,0,0,0,0,0,0,0,0,0,0,0,0,0,0,0,0,0,0,0,0,0,0,0,0,0,0,0,0,0,0,0,0,0,0,0,0,0,0,0,0,0,0,0,0,0,0,0,0,0,0,0,0,0,0,0,0,0,0,0,0,0,0,0,0,0,4095,4095,4095,4095,4095,4095,4095,4095,4095,4095,4095,4095,4095,4095,4095,4095,4095,4095,4095,4095,4095,4095,4095,4095,4095,4095,4095,4095,
4095,4095,4095,4095,4095,4095,4095,4095,4095,4095,4095,4095,4095,4095,4095,4095,4095,4095,4095,4095,4095,4095,4095,4095,4095,4095,4095,4095,4095,4095,4095,4095,4095,4095,4095,4095,4095,4095,4095,4095,4095,4095,4095,4095,4095,4095,4095,4095,4095,4095,4095,4095,4095,4095,4095,4095,4095,4095,4095,4095,4095,4095,4095,4095,4095,4095,4095,4095,4095,4095,4095,4095,4095,4095,4095,4095,4095,4095,4095,4095,4095,4095,4095,4095,4095,4095,4095,4095,4095,4095,4095,4095,4095,4095,4095,4095,4095,4095,4095,4095,
4095,4095,4095,4095,4095,4095,4095,4095,4095,4095,4095,4095,4095,4095,4095,4095,4095,4095,4095,4095,4095,4095,4095,4095,4095,4095,4095,4095,4095,4095,4095,4095,4095,4095,4095,4095,4095,4095,4095,4095,4095,4095,4095,4095,4095,4095,4095,4095,4095,4095,4095,4095,4095,4095,4095,4095,4095,4095,4095,4095,4095,4095,4095,4095,4095,4095,4095,4095,4095,4095,4095,4095,4095,4095,4095,4095,4095,4095,4095,4095,4095,4095,4095,4095,4095,4095,4095,4095,4095,4095,4095,4095,4095,4095,4095,4095,4095,4095,4095,4095,
4095,4095,4095,4095,4095,4095,4095,4095,4095,4095,4095,4095,4095,4095,0,0,0,0,0,0,0,0,0,0,0,0,0,0,0,0,0,0,0,0,0,0,0,0,0,0,0,0,0,0,0,0,0,0,0,0,0,0,0,0,0,0,0,0,0,0,0,0,0,0,0,0,0,0,0,0,0,0,0,0,0,0,0,0,0,0,0,0,0,0,0,0,0,0,0,0,0,0,0,0,0,0,0,0,0,0,
0,0,0,0,0,0,0,0,0,0,0,0,0,0,0,0,0,0,0,0,0,0,0,0,0,0,0,0,0,0,0,0,0,0,0,0,0,0,0,0,0,0,0,0,0,0,0,0,0,0,0,0,0,0,0,0,0,0,0,0,0,0,0,0,0,0,0,0,4095,4095,4095,4095,4095,4095,4095,4095,4095,4095,4095,4095,4095,4095,4095,4095,4095,4095,4095,4095,4095,4095,4095,4095,4095,4095,4095,4095,4095,4095,4095,4095,
4095,4095,4095,4095,4095,4095,4095,4095,4095,4095,4095,4095,4095,4095,4095,4095,4095,4095,4095,4095,4095,4095,4095,4095,4095,4095,4095,4095,4095,4095,4095,4095,4095,4095,4095,4095,4095,4095,4095,4095,4095,4095,4095,4095,4095,4095,4095,4095,4095,4095,4095,4095,4095,4095,4095,4095,4095,4095,4095,4095,4095,4095,4095,4095,4095,4095,4095,4095,4095,4095,4095,4095,4095,4095,4095,4095,4095,4095,4095,4095,4095,4095,4095,4095,4095,4095,4095,4095,4095,4095,4095,4095,4095,4095,4095,4095,4095,4095,4095,4095,
4095,4095,4095,4095,4095,4095,4095,4095,4095,4095,4095,4095,4095,4095,4095,4095,4095,4095,4095,4095,4095,4095,4095,4095,4095,4095,4095,4095,4095,4095,4095,4095,4095,4095,4095,4095,4095,4095,4095,4095,4095,4095,4095,4095,4095,4095,4095,4095,4095,4095,4095,4095,4095,4095,4095,4095,4095,4095,4095,4095,4095,4095,4095,4095,4095,4095,4095,4095,4095,4095,4095,4095,4095,4095,4095,4095,4095,4095,4095,4095,4095,4095,4095,4095,4095,4095,4095,4095,4095,4095,4095,4095,4095,4095,4095,4095,4095,4095,4095,4095,
4095,4095,4095,4095,4095,4095,4095,4095,4095,4095,0,0,0,0,0,0,0,0,0,0,0,0,0,0,0,0,0,0,0,0,0,0,0,0,0,0,0,0,0,0,0,0,0,0,0,0,0,0,0,0,0,0,0,0,0,0,0,0,0,0,0,0,0,0,0,0,0,0,0,0,0,0,0,0,0,0,0,0,0,0,0,0,0,0,0,0,0,0,0,0,0,0,0,0,0,0,0,0,0,0,
0,0,0,0,0,0,0,0,0,0,0,0,0,0,0,0,0,0,0,0,0,0,0,0,0,0,0,0,0,0,0,0,0,0,0,0,0,0,0,0,0,0,0,0,0,0,0,0,0,0,0,0,0,0,0,0,0,0,0,0,0,0,0,0,0,0,4095,4095,4095,4095,4095,4095,4095,4095,4095,4095,4095,4095,4095,4095,4095,4095,4095,4095,4095,4095,4095,4095,4095,4095,4095,4095,4095,4095,4095,4095,4095,4095,4095,4095,
4095,4095,4095,4095,4095,4095,4095,4095,4095,4095,4095,4095,4095,4095,4095,4095,4095,4095,4095,4095,4095,4095,4095,4095,4095,4095,4095,4095,4095,4095,4095,4095,4095,4095,4095,4095,4095,4095,4095,4095,4095,4095,4095,4095,4095,4095,4095,4095,4095,4095,4095,4095,4095,4095,4095,4095,4095,4095,4095,4095,4095,4095,4095,4095,4095,4095,4095,4095,4095,4095,4095,4095,4095,4095,4095,4095,4095,4095,4095,4095,4095,4095,4095,4095,4095,4095,4095,4095,4095,4095,4095,4095,4095,4095,4095,4095,4095,4095,4095,4095,
4095,4095,4095,4095,4095,4095,4095,4095,4095,4095,4095,4095,4095,4095,4095,4095,4095,4095,4095,4095,4095,4095,4095,4095,4095,4095,4095,4095,4095,4095,4095,4095,4095,4095,4095,4095,4095,4095,4095,4095,4095,4095,4095,4095,4095,4095,4095,4095,4095,4095,4095,4095,4095,4095,4095,4095,4095,4095,4095,4095,4095,4095,4095,4095,4095,4095,4095,4095,4095,4095,4095,4095,4095,4095,4095,4095,4095,4095,4095,4095,4095,4095,4095,4095,4095,4095,4095,4095,4095,4095,4095,4095,4095,4095,4095,4095,4095,4095,4095,4095,
4095,4095,4095,4095,4095,4095,4095,4095,0,0,0,0,0,0,0,0,0,0,0,0,0,0,0,0,0,0,0,0,0,0,0,0,0,0,0,0,0,0,0,0,0,0,0,0,0,0,0,0,0,0,0,0,0,0,0,0,0,0,0,0,0,0,0,0,0,0,0,0,0,0,0,0,0,0,0,0,0,0,0,0,0,0,0,0,0,0,0,0,0,0,0,0,0,0,0,0,0,0,0,0,
0,0,0,0,0,0,0,0,0,0,0,0,0,0,0,0,0,0,0,0,0,0,0,0,0,0,0,0,0,0,0,0,0,0,0,0,0,0,0,0,0,0,0,0,0,0,0,0,0,0,0,0,0,0,0,0,0,0,0,0,0,0,4095,4095,4095,4095,4095,4095,4095,4095,4095,4095,4095,4095,4095,4095,4095,4095,4095,4095,4095,4095,4095,4095,4095,4095,4095,4095,4095,4095,4095,4095,4095,4095,4095,4095,4095,4095,4095,4095,
4095,4095,4095,4095,4095,4095,4095,4095,4095,4095,4095,4095,4095,4095,4095,4095,4095,4095,4095,4095,4095,4095,4095,4095,4095,4095,4095,4095,4095,4095,4095,4095,4095,4095,4095,4095,4095,4095,4095,4095,4095,4095,4095,4095,4095,4095,4095,4095,4095,4095,4095,4095,4095,4095,4095,4095,4095,4095,4095,4095,4095,4095,4095,4095,4095,4095,4095,4095,4095,4095,4095,4095,4095,4095,4095,4095,4095,4095,4095,4095,4095,4095,4095,4095,4095,4095,4095,4095,4095,4095,4095,4095,4095,4095,4095,4095,4095,4095,4095,4095,
4095,4095,4095,4095,4095,4095,4095,4095,4095,4095,4095,4095,4095,4095,4095,4095,4095,4095,4095,4095,4095,4095,4095,4095,4095,4095,4095,4095,4095,4095,4095,4095,4095,4095,4095,4095,4095,4095,4095,4095,4095,4095,4095,4095,4095,4095,4095,4095,4095,4095,4095,4095,4095,4095,4095,4095,4095,4095,4095,4095,4095,4095,4095,4095,4095,4095,4095,4095,4095,4095,4095,4095,4095,4095,4095,4095,4095,4095,4095,4095,4095,4095,4095,4095,4095,4095,4095,4095,4095,4095,4095,4095,4095,4095,4095,4095,4095,4095,4095,4095,
4095,4095,4095,4095,0,0,0,0,0,0,0,0,0,0,0,0,0,0,0,0,0,0,0,0,0,0,0,0,0,0,0,0,0,0,0,0,0,0,0,0,0,0,0,0,0,0,0,0,0,0,0,0,0,0,0,0,0,0,0,0,0,0,0,0,0,0,0,0,0,0,0,0,0,0,0,0,0,0,0,0,0,0,0,0,0,0,0,0,0,0,0,0,0,0,0,0,0,0,0,0,
0,0,0,0,0,0,0,0,0,0,0,0,0,0,0,0,0,0,0,0,0,0,0,0,0,0,0,0,0,0,0,0,0,0,0,0,0,0,0,0,0,0,0,0,0,0,0,0,0,0,0,0,0,0,0,0,0,0,4095,4095,4095,4095,4095,4095,4095,4095,4095,4095,4095,4095,4095,4095,4095,4095,4095,4095,4095,4095,4095,4095,4095,4095,4095,4095,4095,4095,4095,4095,4095,4095,4095,4095,4095,4095,4095,4095,4095,4095,4095,4095,
4095,4095,4095,4095,4095,4095,4095,4095,4095,4095,4095,4095,4095,4095,4095,4095,4095,4095,4095,4095,4095,4095,4095,4095,4095,4095,4095,4095,4095,4095,4095,4095,4095,4095,4095,4095,4095,4095,4095,4095,4095,4095,4095,4095,4095,4095,4095,4095,4095,4095,4095,4095,4095,4095,4095,4095,4095,4095,4095,4095,4095,4095,4095,4095,4095,4095,4095,4095,4095,4095,4095,4095,4095,4095,4095,4095,4095,4095,4095,4095,4095,4095,4095,4095,4095,4095,4095,4095,4095,4095,4095,4095,4095,4095,4095,4095,4095,4095,4095,4095,
4095,4095,4095,4095,4095,4095,4095,4095,4095,4095,4095,4095,4095,4095,4095,4095,4095,4095,4095,4095,4095,4095,4095,4095,4095,4095,4095,4095,4095,4095,4095,4095,4095,4095,4095,4095,4095,4095,4095,4095,4095,4095,4095,4095,4095,4095,4095,4095,4095,4095,4095,4095,4095,4095,4095,4095,4095,4095,4095,4095,4095,4095,4095,4095,4095,4095,4095,4095,4095,4095,4095,4095,4095,4095,4095,4095,4095,4095,4095,4095,4095,4095,4095,4095,4095,4095,4095,4095,4095,4095,4095,4095,4095,4095,4095,4095,4095,4095,4095,4095,
4095,4095,0,0,0,0,0,0,0,0,0,0,0,0,0,0,0,0,0,0,0,0,0,0,0,0,0,0,0,0,0,0,0,0,0,0,0,0,0,0,0,0,0,0,0,0,0,0,0,0,0,0,0,0,0,0,0,0,0,0,0,0,0,0,0,0,0,0,0,0,0,0,0,0,0,0,0,0,0,0,0,0,0,0,0,0,0,0,0,0,0,0,0,0,0,0,0,0,0,0,
0,0,0,0,0,0,0,0,0,0,0,0,0,0,0,0,0,0,0,0,0,0,0,0,0,0,0,0,0,0,0,0,0,0,0,0,0,0,0,0,0,0,0,0,0,0,0,0,0,0,0,0,0,0,0,0,4095,4095,4095,4095,4095,4095,4095,4095,4095,4095,4095,4095,4095,4095,4095,4095,4095,4095,4095,4095,4095,4095,4095,4095,4095,4095,4095,4095,4095,4095,4095,4095,4095,4095,4095,4095,4095,4095,4095,4095,4095,4095,4095,4095,
4095,4095,4095,4095,4095,4095,4095,4095,4095,4095,4095,4095,4095,4095,4095,4095,4095,4095,4095,4095,4095,4095,4095,4095,4095,4095,4095,4095,4095,4095,4095,4095,4095,4095,4095,4095,4095,4095,4095,4095,4095,4095,4095,4095,4095,4095,4095,4095,4095,4095,4095,4095,4095,4095,4095,4095,4095,4095,4095,4095,4095,4095,4095,4095,4095,4095,4095,4095,4095,4095,4095,4095,4095,4095,4095,4095,4095,4095,4095,4095,4095,4095,4095,4095,4095,4095,4095,4095,4095,4095,4095,4095,4095,4095,4095,4095,4095,4095,4095,4095,
4095,4095,4095,4095,4095,4095,4095,4095,4095,4095,4095,4095,4095,4095,4095,4095,4095,4095,4095,4095,4095,4095,4095,4095,4095,4095,4095,4095,4095,4095,4095,4095,4095,4095,4095,4095,4095,4095,4095,4095,4095,4095,4095,4095,4095,4095,4095,4095,4095,4095,4095,4095,4095,4095,4095,4095,4095,4095,4095,4095,4095,4095,4095,4095,4095,4095,4095,4095,4095,4095,4095,4095,4095,4095,4095,4095,4095,4095,4095,4095,4095,4095,4095,4095,4095,4095,4095,4095,4095,4095,4095,4095,4095,4095,4095,4095,4095,4095,0,0,
0,0,0,0,0,0,0,0,0,0,0,0,0,0,0,0,0,0,0,0,0,0,0,0,0,0,0,0,0,0,0,0,0,0,0,0,0,0,0,0,0,0,0,0,0,0,0,0,0,0,0,0,0,0,0,0,0,0,0,0,0,0,0,0,0,0,0,0,0,0,0,0,0,0,0,0,0,0,0,0,0,0,0,0,0,0,0,0,0,0,0,0,0,0,0,0,0,0,0,0,
0,0,0,0,0,0,0,0,0,0,0,0,0,0,0,0,0,0,0,0,0,0,0,0,0,0,0,0,0,0,0,0,0,0,0,0,0,0,0,0,0,0,0,0,0,0,0,0,0,0,0,0,4095,4095,4095,4095,4095,4095,4095,4095,4095,4095,4095,4095,4095,4095,4095,4095,4095,4095,4095,4095,4095,4095,4095,4095,4095,4095,4095,4095,4095,4095,4095,4095,4095,4095,4095,4095,4095,4095,4095,4095,4095,4095,4095,4095,4095,4095,4095,4095,
4095,4095,4095,4095,4095,4095,4095,4095,4095,4095,4095,4095,4095,4095,4095,4095,4095,4095,4095,4095,4095,4095,4095,4095,4095,4095,4095,4095,4095,4095,4095,4095,4095,4095,4095,4095,4095,4095,4095,4095,4095,4095,4095,4095,4095,4095,4095,4095,4095,4095,4095,4095,4095,4095,4095,4095,4095,4095,4095,4095,4095,4095,4095,4095,4095,4095,4095,4095,4095,4095,4095,4095,4095,4095,4095,4095,4095,4095,4095,4095,4095,4095,4095,4095,4095,4095,4095,4095,4095,4095,4095,4095,4095,4095,4095,4095,4095,4095,4095,4095,
4095,4095,4095,4095,4095,4095,4095,4095,4095,4095,4095,4095,4095,4095,4095,4095,4095,4095,4095,4095,4095,4095,4095,4095,4095,4095,4095,4095,4095,4095,4095,4095,4095,4095,4095,4095,4095,4095,4095,4095,4095,4095,4095,4095,4095,4095,4095,4095,4095,4095,4095,4095,4095,4095,4095,4095,4095,4095,4095,4095,4095,4095,4095,4095,4095,4095,4095,4095,4095,4095,4095,4095,4095,4095,4095,4095,4095,4095,4095,4095,4095,4095,4095,4095,4095,4095,4095,4095,4095,4095,4095,4095,4095,4095,0,0,0,0,0,0,
0,0,0,0,0,0,0,0,0,0,0,0,0,0,0,0,0,0,0,0,0,0,0,0,0,0,0,0,0,0,0,0,0,0,0,0,0,0,0,0,0,0,0,0,0,0,0,0,0,0,0,0,0,0,0,0,0,0,0,0,0,0,0,0,0,0,0,0,0,0,0,0,0,0,0,0,0,0,0,0,0,0,0,0,0,0,0,0,0,0,0,0,0,0,0,0,0,0,0,0,
0,0,0,0,0,0,0,0,0,0,0,0,0,0,0,0,0,0,0,0,0,0,0,0,0,0,0,0,0,0,0,0,0,0,0,0,0,0,0,0,0,0,0,0,0,0,0,0,0,0,4095,4095,4095,4095,4095,4095,4095,4095,4095,4095,4095,4095,4095,4095,4095,4095,4095,4095,4095,4095,4095,4095,4095,4095,4095,4095,4095,4095,4095,4095,4095,4095,4095,4095,4095,4095,4095,4095,4095,4095,4095,4095,4095,4095,4095,4095,4095,4095,4095,4095,
4095,4095,4095,4095,4095,4095,4095,4095,4095,4095,4095,4095,4095,4095,4095,4095,4095,4095,4095,4095,4095,4095,4095,4095,4095,4095,4095,4095,4095,4095,4095,4095,4095,4095,4095,4095,4095,4095,4095,4095,4095,4095,4095,4095,4095,4095,4095,4095,4095,4095,4095,4095,4095,4095,4095,4095,4095,4095,4095,4095,4095,4095,4095,4095,4095,4095,4095,4095,4095,4095,4095,4095,4095,4095,4095,4095,4095,4095,4095,4095,4095,4095,4095,4095,4095,4095,4095,4095,4095,4095,4095,4095,4095,4095,4095,4095,4095,4095,4095,4095,
4095,4095,4095,4095,4095,4095,4095,4095,4095,4095,4095,4095,4095,4095,4095,4095,4095,4095,4095,4095,4095,4095,4095,4095,4095,4095,4095,4095,4095,4095,4095,4095,4095,4095,4095,4095,4095,4095,4095,4095,4095,4095,4095,4095,4095,4095,4095,4095,4095,4095,4095,4095,4095,4095,4095,4095,4095,4095,4095,4095,4095,4095,4095,4095,4095,4095,4095,4095,4095,4095,4095,4095,4095,4095,4095,4095,4095,4095,4095,4095,4095,4095,4095,4095,4095,4095,4095,4095,4095,4095,4095,4095,0,0,0,0,0,0,0,0,
0,0,0,0,0,0,0,0,0,0,0,0,0,0,0,0,0,0,0,0,0,0,0,0,0,0,0,0,0,0,0,0,0,0,0,0,0,0,0,0,0,0,0,0,0,0,0,0,0,0,0,0,0,0,0,0,0,0,0,0,0,0,0,0,0,0,0,0,0,0,0,0,0,0,0,0,0,0,0,0,0,0,0,0,0,0,0,0,0,0,0,0,0,0,0,0,0,0,0,0,
0,0,0,0,0,0,0,0,0,0,0,0,0,0,0,0,0,0,0,0,0,0,0,0,0,0,0,0,0,0,0,0,0,0,0,0,0,0,0,0,0,0,0,0,0,0,4095,4095,4095,4095,4095,4095,4095,4095,4095,4095,4095,4095,4095,4095,4095,4095,4095,4095,4095,4095,4095,4095,4095,4095,4095,4095,4095,4095,4095,4095,4095,4095,4095,4095,4095,4095,4095,4095,4095,4095,4095,4095,4095,4095,4095,4095,4095,4095,4095,4095,4095,4095,4095,4095,
4095,4095,4095,4095,4095,4095,4095,4095,4095,4095,4095,4095,4095,4095,4095,4095,4095,4095,4095,4095,4095,4095,4095,4095,4095,4095,4095,4095,4095,4095,4095,4095,4095,4095,4095,4095,4095,4095,4095,4095,4095,4095,4095,4095,4095,4095,4095,4095,4095,4095,4095,4095,4095,4095,4095,4095,4095,4095,4095,4095,4095,4095,4095,4095,4095,4095,4095,4095,4095,4095,4095,4095,4095,4095,4095,4095,4095,4095,4095,4095,4095,4095,4095,4095,4095,4095,4095,4095,4095,4095,4095,4095,4095,4095,4095,4095,4095,4095,4095,4095,
4095,4095,4095,4095,4095,4095,4095,4095,4095,4095,4095,4095,4095,4095,4095,4095,4095,4095,4095,4095,4095,4095,4095,4095,4095,4095,4095,4095,4095,4095,4095,4095,4095,4095,4095,4095,4095,4095,4095,4095,4095,4095,4095,4095,4095,4095,4095,4095,4095,4095,4095,4095,4095,4095,4095,4095,4095,4095,4095,4095,4095,4095,4095,4095,4095,4095,4095,4095,4095,4095,4095,4095,4095,4095,4095,4095,4095,4095,4095,4095,4095,4095,4095,4095,4095,4095,4095,4095,0,0,0,0,0,0,0,0,0,0,0,0,
0,0,0,0,0,0,0,0,0,0,0,0,0,0,0,0,0,0,0,0,0,0,0,0,0,0,0,0,0,0,0,0,0,0,0,0,0,0,0,0,0,0,0,0,0,0,0,0,0,0,0,0,0,0,0,0,0,0,0,0,0,0,0,0,0,0,0,0,0,0,0,0,0,0,0,0,0,0,0,0,0,0,0,0,0,0,0,0,0,0,0,0,0,0,0,0,0,0,0,0,
0,0,0,0,0,0,0,0,0,0,0,0,0,0,0,0,0,0,0,0,0,0,0,0,0,0,0,0,0,0,0,0,0,0,0,0,0,0,0,0,0,0,0,0,4095,4095,4095,4095,4095,4095,4095,4095,4095,4095,4095,4095,4095,4095,4095,4095,4095,4095,4095,4095,4095,4095,4095,4095,4095,4095,4095,4095,4095,4095,4095,4095,4095,4095,4095,4095,4095,4095,4095,4095,4095,4095,4095,4095,4095,4095,4095,4095,4095,4095,4095,4095,4095,4095,4095,4095,
4095,4095,4095,4095,4095,4095,4095,4095,4095,4095,4095,4095,4095,4095,4095,4095,4095,4095,4095,4095,4095,4095,4095,4095,4095,4095,4095,4095,4095,4095,4095,4095,4095,4095,4095,4095,4095,4095,4095,4095,4095,4095,4095,4095,4095,4095,4095,4095,4095,4095,4095,4095,4095,4095,4095,4095,4095,4095,4095,4095,4095,4095,4095,4095,4095,4095,4095,4095,4095,4095,4095,4095,4095,4095,4095,4095,4095,4095,4095,4095,4095,4095,4095,4095,4095,4095,4095,4095,4095,4095,4095,4095,4095,4095,4095,4095,4095,4095,4095,4095,
4095,4095,4095,4095,4095,4095,4095,4095,4095,4095,4095,4095,4095,4095,4095,4095,4095,4095,4095,4095,4095,4095,4095,4095,4095,4095,4095,4095,4095,4095,4095,4095,4095,4095,4095,4095,4095,4095,4095,4095,4095,4095,4095,4095,4095,4095,4095,4095,4095,4095,4095,4095,4095,4095,4095,4095,4095,4095,4095,4095,4095,4095,4095,4095,4095,4095,4095,4095,4095,4095,4095,4095,4095,4095,4095,4095,4095,4095,4095,4095,4095,4095,4095,4095,4095,4095,0,0,0,0,0,0,0,0,0,0,0,0,0,0,
0,0,0,0,0,0,0,0,0,0,0,0,0,0,0,0,0,0,0,0,0,0,0,0,0,0,0,0,0,0,0,0,0,0,0,0,0,0,0,0,0,0,0,0,0,0,0,0,0,0,0,0,0,0,0,0,0,0,0,0,0,0,0,0,0,0,0,0,0,0,0,0,0,0,0,0,0,0,0,0,0,0,0,0,0,0,0,0,0,0,0,0,0,0,0,0,0,0,0,0,
0,0,0,0,0,0,0,0,0,0,0,0,0,0,0,0,0,0,0,0,0,0,0,0,0,0,0,0,0,0,0,0,0,0,0,0,0,0,0,0,4095,4095,4095,4095,4095,4095,4095,4095,4095,4095,4095,4095,4095,4095,4095,4095,4095,4095,4095,4095,4095,4095,4095,4095,4095,4095,4095,4095,4095,4095,4095,4095,4095,4095,4095,4095,4095,4095,4095,4095,4095,4095,4095,4095,4095,4095,4095,4095,4095,4095,4095,4095,4095,4095,4095,4095,4095,4095,4095,4095,
4095,4095,4095,4095,4095,4095,4095,4095,4095,4095,4095,4095,4095,4095,4095,4095,4095,4095,4095,4095,4095,4095,4095,4095,4095,4095,4095,4095,4095,4095,4095,4095,4095,4095,4095,4095,4095,4095,4095,4095,4095,4095,4095,4095,4095,4095,4095,4095,4095,4095,4095,4095,4095,4095,4095,4095,4095,4095,4095,4095,4095,4095,4095,4095,4095,4095,4095,4095,4095,4095,4095,4095,4095,4095,4095,4095,4095,4095,4095,4095,4095,4095,4095,4095,4095,4095,4095,4095,4095,4095,4095,4095,4095,4095,4095,4095,4095,4095,4095,4095,
4095,4095,4095,4095,4095,4095,4095,4095,4095,4095,4095,4095,4095,4095,4095,4095,4095,4095,4095,4095,4095,4095,4095,4095,4095,4095,4095,4095,4095,4095,4095,4095,4095,4095,4095,4095,4095,4095,4095,4095,4095,4095,4095,4095,4095,4095,4095,4095,4095,4095,4095,4095,4095,4095,4095,4095,4095,4095,4095,4095,4095,4095,4095,4095,4095,4095,4095,4095,4095,4095,4095,4095,4095,4095,4095,4095,4095,4095,4095,4095,4095,4095,0,0,0,0,0,0,0,0,0,0,0,0,0,0,0,0,0,0,
0,0,0,0,0,0,0,0,0,0,0,0,0,0,0,0,0,0,0,0,0,0,0,0,0,0,0,0,0,0,0,0,0,0,0,0,0,0,0,0,0,0,0,0,0,0,0,0,0,0,0,0,0,0,0,0,0,0,0,0,0,0,0,0,0,0,0,0,0,0,0,0,0,0,0,0,0,0,0,0,0,0,0,0,0,0,0,0,0,0,0,0,0,0,0,0,0,0,0,0,
0,0,0,0,0,0,0,0,0,0,0,0,0,0,0,0,0,0,0,0,0,0,0,0,0,0,0,0,0,0,0,0,0,0,0,0,0,0,4095,4095,4095,4095,4095,4095,4095,4095,4095,4095,4095,4095,4095,4095,4095,4095,4095,4095,4095,4095,4095,4095,4095,4095,4095,4095,4095,4095,4095,4095,4095,4095,4095,4095,4095,4095,4095,4095,4095,4095,4095,4095,4095,4095,4095,4095,4095,4095,4095,4095,4095,4095,4095,4095,4095,4095,4095,4095,4095,4095,4095,4095,
4095,4095,4095,4095,4095,4095,4095,4095,4095,4095,4095,4095,4095,4095,4095,4095,4095,4095,4095,4095,4095,4095,4095,4095,4095,4095,4095,4095,4095,4095,4095,4095,4095,4095,4095,4095,4095,4095,4095,4095,4095,4095,4095,4095,4095,4095,4095,4095,4095,4095,4095,4095,4095,4095,4095,4095,4095,4095,4095,4095,4095,4095,4095,4095,4095,4095,4095,4095,4095,4095,4095,4095,4095,4095,4095,4095,4095,4095,4095,4095,4095,4095,4095,4095,4095,4095,4095,4095,4095,4095,4095,4095,4095,4095,4095,4095,4095,4095,4095,4095,
4095,4095,4095,4095,4095,4095,4095,4095,4095,4095,4095,4095,4095,4095,4095,4095,4095,4095,4095,4095,4095,4095,4095,4095,4095,4095,4095,4095,4095,4095,4095,4095,4095,4095,4095,4095,4095,4095,4095,4095,4095,4095,4095,4095,4095,4095,4095,4095,4095,4095,4095,4095,4095,4095,4095,4095,4095,4095,4095,4095,4095,4095,4095,4095,4095,4095,4095,4095,4095,4095,4095,4095,4095,4095,4095,4095,4095,4095,4095,4095,0,0,0,0,0,0,0,0,0,0,0,0,0,0,0,0,0,0,0,0,
0,0,0,0,0,0,0,0,0,0,0,0,0,0,0,0,0,0,0,0,0,0,0,0,0,0,0,0,0,0,0,0,0,0,0,0,0,0,0,0,0,0,0,0,0,0,0,0,0,0,0,0,0,0,0,0,0,0,0,0,0,0,0,0,0,0,0,0,0,0,0,0,0,0,0,0,0,0,0,0,0,0,0,0,0,0,0,0,0,0,0,0,0,0,0,0,0,0,0,0,
0,0,0,0,0,0,0,0,0,0,0,0,0,0,0,0,0,0,0,0,0,0,0,0,0,0,0,0,0,0,0,0,0,0,4095,4095,4095,4095,4095,4095,4095,4095,4095,4095,4095,4095,4095,4095,4095,4095,4095,4095,4095,4095,4095,4095,4095,4095,4095,4095,4095,4095,4095,4095,4095,4095,4095,4095,4095,4095,4095,4095,4095,4095,4095,4095,4095,4095,4095,4095,4095,4095,4095,4095,4095,4095,4095,4095,4095,4095,4095,4095,4095,4095,4095,4095,4095,4095,4095,4095,
4095,4095,4095,4095,4095,4095,4095,4095,4095,4095,4095,4095,4095,4095,4095,4095,4095,4095,4095,4095,4095,4095,4095,4095,4095,4095,4095,4095,4095,4095,4095,4095,4095,4095,4095,4095,4095,4095,4095,4095,4095,4095,4095,4095,4095,4095,4095,4095,4095,4095,4095,4095,4095,4095,4095,4095,4095,4095,4095,4095,4095,4095,4095,4095,4095,4095,4095,4095,4095,4095,4095,4095,4095,4095,4095,4095,4095,4095,4095,4095,4095,4095,4095,4095,4095,4095,4095,4095,4095,4095,4095,4095,4095,4095,4095,4095,4095,4095,4095,4095,
4095,4095,4095,4095,4095,4095,4095,4095,4095,4095,4095,4095,4095,4095,4095,4095,4095,4095,4095,4095,4095,4095,4095,4095,4095,4095,4095,4095,4095,4095,4095,4095,4095,4095,4095,4095,4095,4095,4095,4095,4095,4095,4095,4095,4095,4095,4095,4095,4095,4095,4095,4095,4095,4095,4095,4095,4095,4095,4095,4095,4095,4095,4095,4095,4095,4095,4095,4095,4095,4095,4095,4095,4095,4095,4095,4095,0,0,0,0,0,0,0,0,0,0,0,0,0,0,0,0,0,0,0,0,0,0,0,0,
0,0,0,0,0,0,0,0,0,0,0,0,0,0,0,0,0,0,0,0,0,0,0,0,0,0,0,0,0,0,0,0,0,0,0,0,0,0,0,0,0,0,0,0,0,0,0,0,0,0,0,0,0,0,0,0,0,0,0,0,0,0,0,0,0,0,0,0,0,0,0,0,0,0,0,0,0,0,0,0,0,0,0,0,0,0,0,0,0,0,0,0,0,0,0,0,0,0,0,0,
0,0,0,0,0,0,0,0,0,0,0,0,0,0,0,0,0,0,0,0,0,0,0,0,0,0,0,0,0,0,4095,4095,4095,4095,4095,4095,4095,4095,4095,4095,4095,4095,4095,4095,4095,4095,4095,4095,4095,4095,4095,4095,4095,4095,4095,4095,4095,4095,4095,4095,4095,4095,4095,4095,4095,4095,4095,4095,4095,4095,4095,4095,4095,4095,4095,4095,4095,4095,4095,4095,4095,4095,4095,4095,4095,4095,4095,4095,4095,4095,4095,4095,4095,4095,4095,4095,4095,4095,4095,4095,
4095,4095,4095,4095,4095,4095,4095,4095,4095,4095,4095,4095,4095,4095,4095,4095,4095,4095,4095,4095,4095,4095,4095,4095,4095,4095,4095,4095,4095,4095,4095,4095,4095,4095,4095,4095,4095,4095,4095,4095,4095,4095,4095,4095,4095,4095,4095,4095,4095,4095,4095,4095,4095,4095,4095,4095,4095,4095,4095,4095,4095,4095,4095,4095,4095,4095,4095,4095,4095,4095,4095,4095,4095,4095,4095,4095,4095,4095,4095,4095,4095,4095,4095,4095,4095,4095,4095,4095,4095,4095,4095,4095,4095,4095,4095,4095,4095,4095,4095,4095,
4095,4095,4095,4095,4095,4095,4095,4095,4095,4095,4095,4095,4095,4095,4095,4095,4095,4095,4095,4095,4095,4095,4095,4095,4095,4095,4095,4095,4095,4095,4095,4095,4095,4095,4095,4095,4095,4095,4095,4095,4095,4095,4095,4095,4095,4095,4095,4095,4095,4095,4095,4095,4095,4095,4095,4095,4095,4095,4095,4095,4095,4095,4095,4095,4095,4095,4095,4095,4095,4095,4095,4095,0,0,0,0,0,0,0,0,0,0,0,0,0,0,0,0,0,0,0,0,0,0,0,0,0,0,0,0,
0,0,0,0,0,0,0,0,0,0,0,0,0,0,0,0,0,0,0,0,0,0,0,0,0,0,0,0,0,0,0,0,0,0,0,0,0,0,0,0,0,0,0,0,0,0,0,0,0,0,0,0,0,0,0,0,0,0,0,0,0,0,0,0,0,0,0,0,0,0,0,0,0,0,0,0,0,0,0,0,0,0,0,0,0,0,0,0,0,0,0,0,0,0,0,0,0,0,0,0,
0,0,0,0,0,0,0,0,0,0,0,0,0,0,0,0,0,0,0,0,0,0,0,0,0,0,0,0,4095,4095,4095,4095,4095,4095,4095,4095,4095,4095,4095,4095,4095,4095,4095,4095,4095,4095,4095,4095,4095,4095,4095,4095,4095,4095,4095,4095,4095,4095,4095,4095,4095,4095,4095,4095,4095,4095,4095,4095,4095,4095,4095,4095,4095,4095,4095,4095,4095,4095,4095,4095,4095,4095,4095,4095,4095,4095,4095,4095,4095,4095,4095,4095,4095,4095,4095,4095,4095,4095,4095,4095,
4095,4095,4095,4095,4095,4095,4095,4095,4095,4095,4095,4095,4095,4095,4095,4095,4095,4095,4095,4095,4095,4095,4095,4095,4095,4095,4095,4095,4095,4095,4095,4095,4095,4095,4095,4095,4095,4095,4095,4095,4095,4095,4095,4095,4095,4095,4095,4095,4095,4095,4095,4095,4095,4095,4095,4095,4095,4095,4095,4095,4095,4095,4095,4095,4095,4095,4095,4095,4095,4095,4095,4095,4095,4095,4095,4095,4095,4095,4095,4095,4095,4095,4095,4095,4095,4095,4095,4095,4095,4095,4095,4095,4095,4095,4095,4095,4095,4095,4095,4095,
4095,4095,4095,4095,4095,4095,4095,4095,4095,4095,4095,4095,4095,4095,4095,4095,4095,4095,4095,4095,4095,4095,4095,4095,4095,4095,4095,4095,4095,4095,4095,4095,4095,4095,4095,4095,4095,4095,4095,4095,4095,4095,4095,4095,4095,4095,4095,4095,4095,4095,4095,4095,4095,4095,4095,4095,4095,4095,4095,4095,4095,4095,4095,4095,4095,4095,4095,4095,4095,4095,0,0,0,0,0,0,0,0,0,0,0,0,0,0,0,0,0,0,0,0,0,0,0,0,0,0,0,0,0,0,
0,0,0,0,0,0,0,0,0,0,0,0,0,0,0,0,0,0,0,0,0,0,0,0,0,0,0,0,0,0,0,0,0,0,0,0,0,0,0,0,0,0,0,0,0,0,0,0,0,0,0,0,0,0,0,0,0,0,0,0,0,0,0,0,0,0,0,0,0,0,0,0,0,0,0,0,0,0,0,0,0,0,0,0,0,0,0,0,0,0,0,0,0,0,0,0,0,0,0,0,
0,0,0,0,0,0,0,0,0,0,0,0,0,0,0,0,0,0,0,0,0,0,0,0,4095,4095,4095,4095,4095,4095,4095,4095,4095,4095,4095,4095,4095,4095,4095,4095,4095,4095,4095,4095,4095,4095,4095,4095,4095,4095,4095,4095,4095,4095,4095,4095,4095,4095,4095,4095,4095,4095,4095,4095,4095,4095,4095,4095,4095,4095,4095,4095,4095,4095,4095,4095,4095,4095,4095,4095,4095,4095,4095,4095,4095,4095,4095,4095,4095,4095,4095,4095,4095,4095,4095,4095,4095,4095,4095,4095,
4095,4095,4095,4095,4095,4095,4095,4095,4095,4095,4095,4095,4095,4095,4095,4095,4095,4095,4095,4095,4095,4095,4095,4095,4095,4095,4095,4095,4095,4095,4095,4095,4095,4095,4095,4095,4095,4095,4095,4095,4095,4095,4095,4095,4095,4095,4095,4095,4095,4095,4095,4095,4095,4095,4095,4095,4095,4095,4095,4095,4095,4095,4095,4095,4095,4095,4095,4095,4095,4095,4095,4095,4095,4095,4095,4095,4095,4095,4095,4095,4095,4095,4095,4095,4095,4095,4095,4095,4095,4095,4095,4095,4095,4095,4095,4095,4095,4095,4095,4095,
4095,4095,4095,4095,4095,4095,4095,4095,4095,4095,4095,4095,4095,4095,4095,4095,4095,4095,4095,4095,4095,4095,4095,4095,4095,4095,4095,4095,4095,4095,4095,4095,4095,4095,4095,4095,4095,4095,4095,4095,4095,4095,4095,4095,4095,4095,4095,4095,4095,4095,4095,4095,4095,4095,4095,4095,4095,4095,4095,4095,4095,4095,4095,4095,4095,4095,0,0,0,0,0,0,0,0,0,0,0,0,0,0,0,0,0,0,0,0,0,0,0,0,0,0,0,0,0,0,0,0,0,0,
0,0,0,0,0,0,0,0,0,0,0,0,0,0,0,0,0,0,0,0,0,0,0,0,0,0,0,0,0,0,0,0,0,0,0,0,0,0,0,0,0,0,0,0,0,0,0,0,0,0,0,0,0,0,0,0,0,0,0,0,0,0,0,0,0,0,0,0,0,0,0,0,0,0,0,0,0,0,0,0,0,0,0,0,0,0,0,0,0,0,0,0,0,0,0,0,0,0,0,0,
0,0,0,0,0,0,0,0,0,0,0,0,0,0,0,0,0,0,0,0,0,0,4095,4095,4095,4095,4095,4095,4095,4095,4095,4095,4095,4095,4095,4095,4095,4095,4095,4095,4095,4095,4095,4095,4095,4095,4095,4095,4095,4095,4095,4095,4095,4095,4095,4095,4095,4095,4095,4095,4095,4095,4095,4095,4095,4095,4095,4095,4095,4095,4095,4095,4095,4095,4095,4095,4095,4095,4095,4095,4095,4095,4095,4095,4095,4095,4095,4095,4095,4095,4095,4095,4095,4095,4095,4095,4095,4095,4095,4095,
4095,4095,4095,4095,4095,4095,4095,4095,4095,4095,4095,4095,4095,4095,4095,4095,4095,4095,4095,4095,4095,4095,4095,4095,4095,4095,4095,4095,4095,4095,4095,4095,4095,4095,4095,4095,4095,4095,4095,4095,4095,4095,4095,4095,4095,4095,4095,4095,4095,4095,4095,4095,4095,4095,4095,4095,4095,4095,4095,4095,4095,4095,4095,4095,4095,4095,4095,4095,4095,4095,4095,4095,4095,4095,4095,4095,4095,4095,4095,4095,4095,4095,4095,4095,4095,4095,4095,4095,4095,4095,4095,4095,4095,4095,4095,4095,4095,4095,4095,4095,
4095,4095,4095,4095,4095,4095,4095,4095,4095,4095,4095,4095,4095,4095,4095,4095,4095,4095,4095,4095,4095,4095,4095,4095,4095,4095,4095,4095,4095,4095,4095,4095,4095,4095,4095,4095,4095,4095,4095,4095,4095,4095,4095,4095,4095,4095,4095,4095,4095,4095,4095,4095,4095,4095,4095,4095,4095,4095,4095,4095,4095,4095,4095,4095,0,0,0,0,0,0,0,0,0,0,0,0,0,0,0,0,0,0,0,0,0,0,0,0,0,0,0,0,0,0,0,0,0,0,0,0,
0,0,0,0,0,0,0,0,0,0,0,0,0,0,0,0,0,0,0,0,0,0,0,0,0,0,0,0,0,0,0,0,0,0,0,0,0,0,0,0,0,0,0,0,0,0,0,0,0,0,0,0,0,0,0,0,0,0,0,0,0,0,0,0,0,0,0,0,0,0,0,0,0,0,0,0,0,0,0,0,0,0,0,0,0,0,0,0,0,0,0,0,0,0,0,0,0,0,0,0,
0,0,0,0,0,0,0,0,0,0,0,0,0,0,0,0,0,0,4095,4095,4095,4095,4095,4095,4095,4095,4095,4095,4095,4095,4095,4095,4095,4095,4095,4095,4095,4095,4095,4095,4095,4095,4095,4095,4095,4095,4095,4095,4095,4095,4095,4095,4095,4095,4095,4095,4095,4095,4095,4095,4095,4095,4095,4095,4095,4095,4095,4095,4095,4095,4095,4095,4095,4095,4095,4095,4095,4095,4095,4095,4095,4095,4095,4095,4095,4095,4095,4095,4095,4095,4095,4095,4095,4095,4095,4095,4095,4095,4095,4095,
4095,4095,4095,4095,4095,4095,4095,4095,4095,4095,4095,4095,4095,4095,4095,4095,4095,4095,4095,4095,4095,4095,4095,4095,4095,4095,4095,4095,4095,4095,4095,4095,4095,4095,4095,4095,4095,4095,4095,4095,4095,4095,4095,4095,4095,4095,4095,4095,4095,4095,4095,4095,4095,4095,4095,4095,4095,4095,4095,4095,4095,4095,4095,4095,4095,4095,4095,4095,4095,4095,4095,4095,4095,4095,4095,4095,4095,4095,4095,4095,4095,4095,4095,4095,4095,4095,4095,4095,4095,4095,4095,4095,4095,4095,4095,4095,4095,4095,4095,4095,
4095,4095,4095,4095,4095,4095,4095,4095,4095,4095,4095,4095,4095,4095,4095,4095,4095,4095,4095,4095,4095,4095,4095,4095,4095,4095,4095,4095,4095,4095,4095,4095,4095,4095,4095,4095,4095,4095,4095,4095,4095,4095,4095,4095,4095,4095,4095,4095,4095,4095,4095,4095,4095,4095,4095,4095,4095,4095,4095,4095,0,0,0,0,0,0,0,0,0,0,0,0,0,0,0,0,0,0,0,0,0,0,0,0,0,0,0,0,0,0,0,0,0,0,0,0,0,0,0,0,
0,0,0,0,0,0,0,0,0,0,0,0,0,0,0,0,0,0,0,0,0,0,0,0,0,0,0,0,0,0,0,0,0,0,0,0,0,0,0,0,0,0,0,0,0,0,0,0,0,0,0,0,0,0,0,0,0,0,0,0,0,0,0,0,0,0,0,0,0,0,0,0,0,0,0,0,0,0,0,0,0,0,0,0,0,0,0,0,0,0,0,0,0,0,0,0,0,0,0,0,
0,0,0,0,0,0,0,0,0,0,0,0,0,0,0,0,4095,4095,4095,4095,4095,4095,4095,4095,4095,4095,4095,4095,4095,4095,4095,4095,4095,4095,4095,4095,4095,4095,4095,4095,4095,4095,4095,4095,4095,4095,4095,4095,4095,4095,4095,4095,4095,4095,4095,4095,4095,4095,4095,4095,4095,4095,4095,4095,4095,4095,4095,4095,4095,4095,4095,4095,4095,4095,4095,4095,4095,4095,4095,4095,4095,4095,4095,4095,4095,4095,4095,4095,4095,4095,4095,4095,4095,4095,4095,4095,4095,4095,4095,4095,
4095,4095,4095,4095,4095,4095,4095,4095,4095,4095,4095,4095,4095,4095,4095,4095,4095,4095,4095,4095,4095,4095,4095,4095,4095,4095,4095,4095,4095,4095,4095,4095,4095,4095,4095,4095,4095,4095,4095,4095,4095,4095,4095,4095,4095,4095,4095,4095,4095,4095,4095,4095,4095,4095,4095,4095,4095,4095,4095,4095,4095,4095,4095,4095,4095,4095,4095,4095,4095,4095,4095,4095,4095,4095,4095,4095,4095,4095,4095,4095,4095,4095,4095,4095,4095,4095,4095,4095,4095,4095,4095,4095,4095,4095,4095,4095,4095,4095,4095,4095,
4095,4095,4095,4095,4095,4095,4095,4095,4095,4095,4095,4095,4095,4095,4095,4095,4095,4095,4095,4095,4095,4095,4095,4095,4095,4095,4095,4095,4095,4095,4095,4095,4095,4095,4095,4095,4095,4095,4095,4095,4095,4095,4095,4095,4095,4095,4095,4095,4095,4095,4095,4095,4095,4095,4095,4095,4095,4095,0,0,0,0,0,0,0,0,0,0,0,0,0,0,0,0,0,0,0,0,0,0,0,0,0,0,0,0,0,0,0,0,0,0,0,0,0,0,0,0,0,0,
0,0,0,0,0,0,0,0,0,0,0,0,0,0,0,0,0,0,0,0,0,0,0,0,0,0,0,0,0,0,0,0,0,0,0,0,0,0,0,0,0,0,0,0,0,0,0,0,0,0,0,0,0,0,0,0,0,0,0,0,0,0,0,0,0,0,0,0,0,0,0,0,0,0,0,0,0,0,0,0,0,0,0,0,0,0,0,0,0,0,0,0,0,0,0,0,0,0,0,0,
0,0,0,0,0,0,0,0,0,0,0,0,4095,4095,4095,4095,4095,4095,4095,4095,4095,4095,4095,4095,4095,4095,4095,4095,4095,4095,4095,4095,4095,4095,4095,4095,4095,4095,4095,4095,4095,4095,4095,4095,4095,4095,4095,4095,4095,4095,4095,4095,4095,4095,4095,4095,4095,4095,4095,4095,4095,4095,4095,4095,4095,4095,4095,4095,4095,4095,4095,4095,4095,4095,4095,4095,4095,4095,4095,4095,4095,4095,4095,4095,4095,4095,4095,4095,4095,4095,4095,4095,4095,4095,4095,4095,4095,4095,4095,4095,
4095,4095,4095,4095,4095,4095,4095,4095,4095,4095,4095,4095,4095,4095,4095,4095,4095,4095,4095,4095,4095,4095,4095,4095,4095,4095,4095,4095,4095,4095,4095,4095,4095,4095,4095,4095,4095,4095,4095,4095,4095,4095,4095,4095,4095,4095,4095,4095,4095,4095,4095,4095,4095,4095,4095,4095,4095,4095,4095,4095,4095,4095,4095,4095,4095,4095,4095,4095,4095,4095,4095,4095,4095,4095,4095,4095,4095,4095,4095,4095,4095,4095,4095,4095,4095,4095,4095,4095,4095,4095,4095,4095,4095,4095,4095,4095,4095,4095,4095,4095,
4095,4095,4095,4095,4095,4095,4095,4095,4095,4095,4095,4095,4095,4095,4095,4095,4095,4095,4095,4095,4095,4095,4095,4095,4095,4095,4095,4095,4095,4095,4095,4095,4095,4095,4095,4095,4095,4095,4095,4095,4095,4095,4095,4095,4095,4095,4095,4095,4095,4095,4095,4095,4095,4095,0,0,0,0,0,0,0,0,0,0,0,0,0,0,0,0,0,0,0,0,0,0,0,0,0,0,0,0,0,0,0,0,0,0,0,0,0,0,0,0,0,0,0,0,0,0,
50
Transmition End
cnt: 202
deep sleep start
